             1.19988 0 0 0 -0.00207043  0.00340206  0.00395356 0 0 0 0 0 0 -0.00349812  0.00646332  0.00741384  0.00460727   0.0236622 -0.00644485 0 0 0  -0.188494 -0.0093772   -9.80718 
              1.3999  0.0232962  -0.039757 -0.0410805 -0.00847217   0.0028745 -0.00398575 0 0 0 0 0 0 -0.0105794 0.00442862 0.00337149  0.00460716   0.0236618 -0.00644478  6.35582e-07 -1.01927e-07  2.36062e-06  -0.188494 -0.0093771   -9.80718 
             1.99991 -0.00945555  -0.0360773   -0.126894 -0.0235395   0.056057  -0.011356 0 0 0 0 0 0  -0.0263101   0.0719609 -0.00533206  0.00461217   0.0236415 -0.00629758  1.59754e-05 -0.000114582  3.00846e-05   -0.188508 -0.00926699    -9.80718 
             2.59991 -0.0259586 -0.0359483 -0.0725637  -0.0122053  -0.0200184 -0.00579371 0 0 0 0 0 0  -0.002069 -0.0571186 0.00560246  0.00462773   0.0236295 -0.00641235 -0.00403241   0.0200816 -0.00164411  -0.184687 -0.0286801   -9.80722 
             2.79999 -0.0121967 -0.0539496 -0.0651679 -0.00731939 -0.00177145  -0.0116764 0 0 0 0 0 0   0.0063917  -0.0120604 -0.00486238  0.00461848   0.0236407 -0.00642538 -0.00529108    0.012212  0.00355756  -0.183372 -0.0211185   -9.80726 
             3.09995 -0.00273471  -0.0614838  -0.0357246 -0.00862633   0.0085429  -0.0166661 0 0 0 0 0 0 -0.000663183    0.0128546   -0.0119982  0.00461088   0.0236483 -0.00647511 -0.00444786  0.00753177  0.00608118  -0.184124 -0.0166197   -9.80726 
             3.79987 -0.00968768  -0.0746677   -0.088409   -0.02491  0.0146081 -0.0190214 0 0 0 0 0 0  -0.0226718  0.00619076 -0.00501383  0.00462071   0.0236616 -0.00639481 -0.00123112  0.00797309  0.00399426  -0.187247 -0.0170451    -9.8072 
             3.89991 -0.0514099  -0.045382  -0.053563 -0.0111365 0.00397112 -0.0112226 0 0 0 0 0 0 0.00679815   -0.01305 0.00825338   0.0046711   0.0235898 -0.00645832 -0.00435429   0.0104554 0.000248971 -0.184332 -0.019432  -9.80725 
             4.49981 -0.0242272 -0.0793413  -0.102173 -0.00846878  0.00651472  -0.0154499 0 0 0 0 0 0  0.00151305 -0.00208707 -0.00216681  0.00462244   0.0236368 -0.00638578 -0.00435583  0.00950517  0.00339551  -0.184263 -0.0185212   -9.80725 
             4.79985 -0.0184696 -0.0837479 -0.0743459 -0.0156947 0.00465741 -0.0193332 0 0 0 0 0 0  -0.0123683 -0.00639533 -0.00583858  0.00461433   0.0236299 -0.00643359 -0.00347013  0.00962691  0.00440026  -0.185089 -0.0186346   -9.80724 
             4.99989 -0.0179548  -0.097626 -0.0805985 -0.0144555 0.00529951 -0.0187053 0 0 0 0 0 0 -0.00827049 -0.00356121 -0.00173501  0.00461394   0.0236443 -0.00642524 -0.00446327  0.00914488  0.00362768  -0.184156 -0.0181768   -9.80725 
             5.39985 -0.0282541  -0.095247   -0.12815 -0.0188217  0.0202375 -0.0162889 0 0 0 0 0 0 -0.0132054  0.0227837 0.00455548  0.00463301    0.023641 -0.00636643 -0.00451675  0.00510611  0.00269132  -0.184119 -0.0143229   -9.80726 
             5.89985 -0.0247677  -0.104702 -0.0806466 -0.0190893 0.00114468 -0.0164916 0 0 0 0 0 0 -0.00896706  -0.0166211  0.00462347  0.00461934   0.0236372 -0.00642522 -0.00583757   0.0103811  0.00350421  -0.182853 -0.0193564   -9.80728 
             5.99986 0.00110234  -0.116181 -0.0963399 -0.0155872 0.00719612 -0.0199184 0 0 0 0 0 0 -4.74645e-05   -0.0021209   -0.0019213  0.00458801   0.0236355 -0.00640884 -0.00665731  0.00885712  0.00481695  -0.182043 -0.0179073   -9.80729 
             6.59994 -0.0324079  -0.104254  -0.133845 -0.0161183  0.0171662 -0.0180124 0 0 0 0 0 0 -0.00316067   0.0111339  0.00247053  0.00462933   0.0236179 -0.00636265 -0.00678644   0.0076799  0.00430164   -0.18193 -0.0167891    -9.8073 
             6.69998 -0.0238516  -0.108128 -0.0778423 -0.0186034 0.00902055 -0.0201989 0 0 0 0 0 0 -0.00779305 -0.00792054 -0.00197769  0.00460752   0.0236151 -0.00643652 -0.00648175  0.00886715  0.00495401  -0.182209 -0.0179149   -9.80729 
             6.99991 -0.0429217  -0.104411  -0.192865 -0.0165772  0.0183768 -0.0180143 0 0 0 0 0 0 -0.00092684    0.014925  0.00407457  0.00465881   0.0235976 -0.00629622 -0.00701072  0.00757479  0.00427038  -0.181717 -0.0166932    -9.8073 
             7.09992 -0.0483979  -0.101867  -0.145336 -0.0151616  0.0110528  -0.018965 0 0 0 0 0 0  0.00166557 -0.00646289  0.00203372  0.00463055   0.0235912 -0.00635192 -0.00728437  0.00940222  0.00477989  -0.181458 -0.0184253    -9.8073 
             7.20003 -0.0545076  -0.104693   -0.18733 -0.0165022  0.0168879 -0.0194388 0 0 0 0 0 0 -0.00260467   0.0129023   0.0011351  0.00466356   0.0235971 -0.00630333 -0.00691437  0.00737083  0.00501807  -0.181789 -0.0165009    -9.8073 
             7.79997 -0.0674394  -0.105057  -0.182313 -0.0188723  0.0277119 -0.0217352 0 0 0 0 0 0 -0.00556606   0.0179787 -0.00233265  0.00468051   0.0235983 -0.00631127 -0.00694775  0.00705709  0.00555814  -0.181744 -0.0162054    -9.8073 
             8.20003 -0.0733982  -0.111084  -0.134571 -0.0169891 0.00706947 -0.0224243 0 0 0 0 0 0 -0.00275997    -0.01537 -0.00135545  0.00467847   0.0235942 -0.00637794 -0.00735544   0.0094996   0.0055474  -0.181378 -0.0185158   -9.80731 
             8.30003 -0.0849501  -0.113757  -0.185845 -0.0145928  0.0151998 -0.0214998 0 0 0 0 0 0  0.00332779  0.00651513 0.000510964  0.00468966   0.0235879 -0.00632827 -0.00763082  0.00853271   0.0052449  -0.181121 -0.0176073   -9.80731 
             8.50011 -0.0565782  -0.120686  -0.196281 -0.0147424  0.0161498 -0.0235284 0 0 0 0 0 0 0.000948311  0.00591388 -0.00286641  0.00465653   0.0235936 -0.00632049 -0.00748213  0.00862702  0.00584987  -0.181248 -0.0176981   -9.80731 
             8.90001 -0.0892398  -0.124942  -0.160606 -0.0125432 0.00887393 -0.0210478 0 0 0 0 0 0 0.00136558  -0.007144 0.00313972  0.00468359   0.0235915 -0.00635865 -0.00778115   0.0101371  0.00524029  -0.180991 -0.0191162   -9.80731 
             9.09993 -0.090039 -0.110799 -0.176319 -0.0124729  0.0134896 -0.0225991 0 0 0 0 0 0   0.00147166   0.00491876 -0.000490689  0.00468063   0.0235666 -0.00634698 -0.0077115 0.00915018 0.00565453  -0.181039 -0.0181916   -9.80731 
             9.69994 -0.0765273  -0.115155  -0.160579 -0.0136518  0.0152719 -0.0235748 0 0 0 0 0 0 -0.00306846  0.00468512 -0.00151934  0.00466672   0.0235695 -0.00636459 -0.00758258  0.00927387  0.00577894  -0.181158 -0.0183071   -9.80731 
             10.1001 -0.0745363  -0.125282  -0.160845 -0.0145946 0.00938163  -0.023854 0 0 0 0 0 0 -0.00540008 -0.00514393 -0.00169354  0.00466266   0.0235694 -0.00637702 -0.00762143  0.00973999  0.00573902  -0.181126 -0.0187424   -9.80731 
             10.3001 -0.0760528  -0.126541  -0.205468 -0.0166034  0.0161603 -0.0232477 0 0 0 0 0 0 -0.00756908  0.00889237  0.00129861  0.00465707   0.0235583 -0.00633909 -0.00755869  0.00916831  0.00558539  -0.181184 -0.0182102   -9.80731 
             10.5001 -0.0840908  -0.134529  -0.198157 -0.0135589  0.0135951 -0.0239668 0 0 0 0 0 0  0.000938505  0.000380783 -0.000606303  0.00466716   0.0235635 -0.00635034 -0.00824195  0.00978604  0.00581893   -0.18055 -0.0187905   -9.80732 
             12.3002 -0.103064 -0.118079 -0.168642 -0.0200746   0.012725 -0.0153816 0 0 0 0 0 0 -0.00986325  0.00530921  0.00715664  0.00468631   0.0235464 -0.00638457 -0.00816416   0.0104303  0.00550843  -0.180635 -0.0193857   -9.80732 
             12.4002 -0.0991458  -0.115928  -0.188086 -0.0126178  0.0146223 -0.0228965 0 0 0 0 0 0 -0.000687854   0.00560467   0.00128568  0.00466649   0.0235201 -0.00638729 -0.00818085   0.0104062  0.00601872  -0.180609 -0.0193674   -9.80732 
             12.5002 -0.0937008   -0.13035   -0.19653 -0.0125109  0.0138377 -0.0243955 0 0 0 0 0 0 -0.000141894  -0.00107307  -0.00374626  0.00466475   0.0235332 -0.00638075 -0.00817193   0.0104042  0.00647107  -0.180607 -0.0193691   -9.80732 
             12.6002 -0.103091 -0.120721 -0.200717 -0.0116225  0.0149353 -0.0240528 0 0 0 0 0 0  0.00259468  0.00342579 -0.00103786  0.00467006   0.0235263 -0.00637675 -0.00821062   0.0103639  0.00625788  -0.180576 -0.0193314   -9.80732 
             13.1011 -0.102525 -0.125355   -0.2163 -0.0144238  0.0158318 -0.0243741 0 0 0 0 0 0 -0.00551085  0.00310756   0.0010299  0.00467018    0.023527 -0.00636356 -0.00805019   0.0104368  0.00633538  -0.180721 -0.0193966   -9.80732 
             13.4003 -0.0964788  -0.139315  -0.232977 -0.0173778  0.0186891 -0.0253263 0 0 0 0 0 0   -0.0111921   0.00641405 -0.000603959 0.00466517  0.0235316 -0.0063511 -0.00800145   0.0103045  0.00645967  -0.180761 -0.0192765   -9.80732 
             13.6003 -0.114457  -0.12629 -0.207011 -0.0154257  0.0114964 -0.0231551 0 0 0 0 0 0 -0.00386482 -0.00916194  0.00310793  0.00468354   0.0235209 -0.00637473 -0.0084146  0.0111353 0.00612304  -0.180405 -0.0200344   -9.80732 
             13.7002 -0.111696 -0.120799 -0.221213 -0.0136316  0.0124334 -0.0241562 0 0 0 0 0 0  0.00132793 -0.00323571 0.000136722    0.004675   0.0235154 -0.00636391 -0.00882749   0.0107868  0.00639524  -0.180021 -0.0197267   -9.80733 
             13.8004 -0.116213 -0.117048 -0.195889 -0.0134803  0.0111877 -0.0236634 0 0 0 0 0 0  0.00159629 -0.00532827  0.00133585 0.00467942   0.023511 -0.0063896 -0.00881839   0.0110072  0.00628795  -0.180034 -0.0199252   -9.80733 
             13.9002 -0.140005 -0.113787 -0.164251 -0.0113923 0.00838099 -0.0225971 0 0 0 0 0 0 0.00664583 -0.0103124 0.00439642  0.00470162   0.0235094 -0.00641907 -0.00933689   0.0116296  0.00608359  -0.179578 -0.0204932   -9.80733 
             14.0003 -0.133881  -0.11477 -0.194776 -0.0127183  0.0100877 -0.0220836 0 0 0 0 0 0 0.000821754  -0.0014692   0.0044885  0.00469479   0.0235074 -0.00639158 -0.00875357    0.010856  0.00604881  -0.180096 -0.0197869   -9.80733 
             14.1002 -0.133239 -0.112773 -0.185506 -0.0125934 0.00967069 -0.0218035 0 0 0 0 0 0  0.00125049 -0.00189862  0.00421707   0.0046944   0.0235043 -0.00640439 -0.0087585  0.0109452 0.00609515 -0.180092 -0.019868  -9.80733 
             14.6002 -0.128452 -0.103837 -0.193242 -0.0119531  0.0116846 -0.0190801 0 0 0 0 0 0 0.00213709 0.00403409 0.00518333 0.00469101  0.0234959 -0.0063973 -0.00877226    0.010638  0.00606928  -0.180077 -0.0195907   -9.80733 
             14.9003 -0.119807 -0.120074  -0.20449 -0.0142686  0.0146109 -0.0255269 0 0 0 0 0 0 -0.00352654  0.00850081 -0.00521365   0.0046839     0.02351 -0.00639172 -0.00858353   0.0105053   0.0068342  -0.180233 -0.0194786   -9.80732 
             15.0003 -0.123255 -0.132354 -0.202049 -0.0130244  0.0129497 -0.0251671 0 0 0 0 0 0 -0.000503867   0.00346116  -0.00360997 0.00469344  0.0235212 -0.0063956 -0.0087148  0.0107095 0.00668735  -0.180121 -0.0196609   -9.80733 
             15.1004 -0.124149 -0.133965 -0.218194 -0.0136593  0.0141984 -0.0255126 0 0 0 0 0 0 0.000709293  0.00490626  -0.0044844   0.0046938   0.0235208 -0.00638329 -0.0085674   0.010623 0.00668411  -0.180251 -0.0195819   -9.80732 
             15.5004 -0.123927  -0.10236 -0.223782 -0.00809666  0.00864423  -0.0231575 0 0 0 0 0 0  0.0221948 0.00545278 0.00295883  0.00469412   0.0234999 -0.00642908 -0.00906453   0.0114813   0.0062805  -0.179826 -0.0203499   -9.80733 
             15.7004 -0.119845 -0.154848 -0.426578 0.000228995  0.00208317  -0.0233573 0 0 0 0 0 0   0.0569942 -0.00941055  0.00402077  0.00468937   0.0234971 -0.00643388 -0.00909559    0.012226  0.00641551  -0.179809 -0.0210152   -9.80733 
             16.0004 -0.226521 -0.165272 -0.874042  0.0159434  0.0168908 -0.0188395 0 0 0 0 0 0   0.054555  0.0232188 0.00909104  0.00474583    0.023478 -0.00635886 -0.00880692   0.0108044   0.0059491  -0.180015 -0.0197403   -9.80733 
             16.6004  -0.173195 -0.0672196   -1.23492  0.0420091  0.0139062 -0.0187771 0 0 0 0 0 0  0.0763194 0.00309384 0.00729155 0.00468365  0.0234767 -0.0063973 -0.00805512   0.0118228  0.00654141  -0.180777 -0.0205625   -9.80731 
             17.0004 -0.168621 0.0405213  -1.77196  0.0852138   0.022766 -0.0153058 0 0 0 0 0 0  0.0942685  0.0208694 0.00858724  0.00472062   0.0234583 -0.00634197 -0.00854494   0.0116111  0.00642825  -0.180313 -0.0204737   -9.80732 
             17.4005 -0.0822903  0.0428981   -2.10022    0.119109 -0.00139481  -0.0213208 0 0 0 0 0 0    0.101474  -0.0258455 -0.00713102  0.00470962   0.0234621 -0.00643042 -0.00861304   0.0127338  0.00717242  -0.180615 -0.0214198   -9.80731 
             17.7003 -0.157306 0.0547695  -2.96105   0.144799 0.00658957 -0.0219132 0 0 0 0 0 0   0.0917125  0.00438419 -0.00171769  0.00473595   0.0234424 -0.00639437 -0.00825845   0.0119879  0.00706862  -0.180637 -0.0206972   -9.80731 
             18.1004 -0.181127 0.0682236  -3.52853   0.181321  0.0209669 -0.0219635 0 0 0 0 0 0    0.0918192    0.0195644 -0.000987461  0.0047209  0.0234364 -0.0063412 -0.0080081  0.0111685  0.0070306 -0.180461 -0.019974  -9.80732 
             18.2005 -0.175842 0.0474397  -4.38728   0.195093 0.00570079 -0.0218513 0 0 0 0 0 0    0.101236  -0.0225759 0.000860427  0.00472287   0.0234393 -0.00640352 -0.00895624   0.0125831  0.00702852  -0.180563 -0.0214543   -9.80731 
             18.4004 -0.161624 0.0375639  -4.51937   0.215381 0.00198522 -0.0219186 0 0 0 0 0 0   0.102534 -0.0179731 0.00215473  0.00472254   0.0234351 -0.00639572 -0.00887861   0.0124565  0.00704556  -0.180535 -0.0213288   -9.80732 
             18.5003 -0.116372  0.111981  -4.24658   0.220432  0.0070171 -0.0206341 0 0 0 0 0 0    0.0527333   0.00976014 -0.000879651  0.00471885   0.0234375 -0.00640808 -0.00813668   0.0118438  0.00679125 -0.180558 -0.020485  -9.80732 
             19.9006 -0.145034 0.0674957  -4.26546    0.300564 -0.00271946  -0.0203003 0 0 0 0 0 0   0.133125 -0.0118673  0.0046996  0.00472559   0.0234439 -0.00641759 -0.00869393   0.0122431  0.00693361  -0.180502 -0.0210837   -9.80732 
             20.3005 -0.106251 -0.118581  -2.59943    0.328627 -0.00612454  -0.0177706 0 0 0 0 0 0   0.112164  0.0028552 0.00326836  0.00474822   0.0234193 -0.00641687 -0.00856105   0.0123134  0.00687659  -0.180626 -0.0210436   -9.80731 
             20.4005    0.09748 -0.0834498   -0.65464     0.34044 -0.00901062  -0.0284202 0 0 0 0 0 0   0.116647 -0.0126417 -0.0211116  0.00468728    0.023473 -0.00641176 -0.0085216  0.0123529 0.00817078  -0.180628 -0.0210495   -9.80731 
             22.0006 0.0529923 0.0572369 -0.077173   0.515026 0.00877017 -0.0368083 0 0 0 0 0 0    0.114151   0.0401164 0.000672539  0.00473659   0.0234452 -0.00643057 -0.00879269   0.0124083  0.00742304  -0.180408 -0.0211356   -9.80732 
             22.1006 -0.0024738 0.00944622    11.0776   0.511707 -0.0198584 -0.0176306 0 0 0 0 0 0  0.0953735 0.00875976  0.0101452  0.00478095   0.0234371 -0.00650099 -0.0086676   0.012556 0.00664702  -0.180411 -0.0213256   -9.80732 
             22.2006  0.0295717 -0.0066624    11.9008    0.516977 -0.00733906  -0.0195739 0 0 0 0 0 0  0.0879233  0.0726818 0.00456119  0.00473752   0.0234433 -0.00646128 -0.00922881   0.0123703  0.00716573  -0.180932 -0.0215208   -9.80731 
             22.6006  0.0301746 -0.0145876    12.8368    0.54249  0.0151859 -0.0214039 0 0 0 0 0 0  0.0913514   0.111264 0.00378681  0.00475483    0.023431 -0.00647111 -0.00870104   0.0120569  0.00739396  -0.180671 -0.0220063   -9.80731 
             22.7006  0.140376 0.0837832   16.4766     0.57366 -0.00229189  -0.0257411 0 0 0 0 0 0  0.126322  0.021179 -0.010102  0.00475007   0.0234851 -0.00646903 -0.00724218    0.015506  0.00781676 -0.177189 -0.021372  -9.80738 
             22.8006 0.153689 0.180921  17.2957    0.580965 -0.00021421   -0.027613 0 0 0 0 0 0  0.102665 0.0482763 -0.014938  0.00475052   0.0234927 -0.00643492 -0.00629705   0.0146547  0.00795142 -0.177379 -0.022559  -9.80737 
             23.0006 0.154615 0.211959  18.2256   0.603631 0.00527567 -0.0272004 0 0 0 0 0 0    0.104212   0.0497589 -0.00209953  0.00475228   0.0234714 -0.00647101 -0.00570547    0.015235  0.00761616  -0.176604 -0.0227133   -9.80738 
             23.4006 0.126353 0.281107  19.9876   0.657195  0.0206273 -0.0196508 0 0 0 0 0 0   0.130801  0.0730473 0.00912519  0.00477023   0.0234732 -0.00645771 -0.0047407  0.0180821 0.00687144  -0.173904 -0.0217807   -9.80743 
             23.5006 0.0536226  0.225835   23.2397   0.662183  0.0239434 -0.0251827 0 0 0 0 0 0    0.112511   0.0688229 -0.00445781  0.00476644   0.0235015 -0.00642651 -0.00348536   0.0165817  0.00751292 -0.174077 -0.023662  -9.80743 
             23.8007 0.032208 0.213307  23.9776    0.69082  0.0428146 -0.0287802 0 0 0 0 0 0    0.103969   0.0911548 -0.00236364  0.00477753   0.0234926 -0.00642472 -0.00248863   0.0159469  0.00771419  -0.173719 -0.0247527   -9.80743 
             23.9007 0.0738645  0.112313   26.1753   0.706892  0.0520963 -0.0278212 0 0 0 0 0 0   0.107419  0.0867962 -0.0055766   0.0047715   0.0235037 -0.00641673 -0.00282321    0.017493  0.00751242  -0.173099 -0.0233606   -9.80744 
             25.9008 0.0962488  0.106446   26.8473   0.877234   0.403792 -0.0488494 0 0 0 0 0 0  0.0418431    0.29934 -0.0124092  0.00477225   0.0235171 -0.00641287 -0.00132364   0.0189216  0.00782748  -0.171113 -0.0230819   -9.80748 
             26.6008   0.364413 -0.0956781    39.1891   0.984105   0.254726 -0.0233651 0 0 0 0 0 0  0.0533608   0.140444 0.00401773   0.0047625   0.0235022 -0.00644117 0.000407283   0.0193629  0.00710908  -0.169429 -0.0235238   -9.80751 
             27.2009  0.275938 0.0315752   41.3617    1.06481   0.307339 -0.0192519 0 0 0 0 0 0  0.0730232   0.168621 0.00593401 0.00475858  0.0234885 -0.0064639 0.00149721  0.0200517 0.00709939  -0.168244 -0.0231317   -9.80753 
             27.3009  0.258315 0.0429194   42.9718    1.08438   0.292023 -0.0251362 0 0 0 0 0 0   0.0827661    0.110139 -0.00889551  0.00476388   0.0235021 -0.00646437 0.00658457  0.0212188 0.00748201 -0.163196 -0.023875  -9.80761 
             27.5009  0.236281 0.0375658   43.0105    1.10203   0.315648 -0.0298701 0 0 0 0 0 0  0.0848954   0.128042 -0.0134059   0.0047716   0.0235235 -0.00644068 0.00685475  0.0214356 0.00783764  -0.162876 -0.0237658   -9.80762 
             27.6009    0.236055 -0.00224633     43.1566    1.11257   0.318378 -0.0303365 0 0 0 0 0 0  0.0826039   0.107393 -0.0107944  0.00477679    0.023528 -0.00644485  0.0107197  0.0216129 0.00766242 -0.159256 -0.024834  -9.80768 
             28.2009  0.239636 -0.031593   43.2577    1.15923   0.394265 -0.0307353 0 0 0 0 0 0   0.0549401    0.153043 -0.00317541     0.00478   0.0235246 -0.00643951  0.0121806  0.0225897 0.00738172  -0.157599 -0.0244053    -9.8077 
              28.401 0.290098  0.08216  43.6007    1.18023   0.386425 -0.0291798 0 0 0 0 0 0   0.0645494    0.114308 -0.00354326  0.00477081   0.0235086 -0.00646923  0.0194204  0.0229656 0.00712753  -0.150821 -0.0264097    -9.8078 
              28.701 0.234693 0.085496   43.661    1.20341   0.421226 -0.0299098 0 0 0 0 0 0   0.0631385    0.127168 -0.00318714  0.00476381   0.0235037 -0.00643729  0.0197492  0.0235955 0.00712795  -0.150317 -0.0259394   -9.80781 
             28.8009  0.114829 0.0358039    43.939    1.21234   0.414347 -0.0293066 0 0 0 0 0 0  0.0542907  0.0845724 0.00177161  0.00476565   0.0234864 -0.00647735  0.0256922  0.0231407 0.00696253     -0.145 -0.0282671   -9.80789 
             29.2009 0.0838306 0.0605357   43.9584    1.23718   0.438839 -0.0297589 0 0 0 0 0 0  0.0813267   0.126399 0.00108862  0.00477041   0.0234915 -0.00648704  0.0282188  0.0244914 0.00693855  -0.142245 -0.0278419   -9.80793 
             30.3009 0.0904686 -0.317189   44.3919   1.33795  0.600235 -0.061291 0 0 0 0 0 0  0.0785838   0.202369 -0.0264506   0.0047672   0.0235958 -0.00649961  0.0313902  0.0267017 0.00772219  -0.138615 -0.0268434   -9.80798 
             30.4009  0.057604 -0.202733   43.5102    1.36839   0.579815 -0.0305857 0 0 0 0 0 0  0.101237  0.168211 0.0110958   0.0047792   0.0234775 -0.00647748  0.0332008  0.0270404 0.00622646  -0.136856 -0.0271054   -9.80801 
             30.5009 0.0791229 -0.188548   43.2912     1.3851   0.590747 -0.0309556 0 0 0 0 0 0   0.125056   0.144549 0.00520421  0.00476658   0.0234787 -0.00648682   0.033496  0.0274242 0.00638599  -0.136455 -0.0268679   -9.80801 
             30.9011 -0.000535231    -0.336307      43.1242   1.45123  0.626439 -0.029922 0 0 0 0 0 0   0.156179   0.128663 0.00250256  0.00477065   0.0234836 -0.00653108 0.0351217 0.0281019 0.0064924  -0.134754 -0.0268176   -9.80804 
             31.2011 -0.125844 -0.369365   41.3661    1.48637   0.696635 -0.0306386 0 0 0 0 0 0   0.141992   0.187592 0.00193875  0.00478586   0.0234513 -0.00647163  0.0311689  0.0273356 0.00669997  -0.138595 -0.0261617   -9.80799 
             31.3012 -0.179025 -0.402765    39.965    1.49189   0.700147 -0.0308084 0 0 0 0 0 0   0.120689   0.159142 0.00644153  0.00477433   0.0234462 -0.00646963  0.0349742  0.0244706 0.00668596  -0.136193 -0.0300802   -9.80801 
              32.001 -0.202877 -0.408947    39.532    1.56733   0.805638 -0.0266904 0 0 0 0 0 0  0.104281  0.169256 0.0130848  0.00477947   0.0234319 -0.00652029  0.0372022  0.0231889 0.00684839  -0.134673 -0.0320381   -9.80802 
             32.4011 -0.245378 -0.152604    35.384    1.65954   0.829362 -0.0283001 0 0 0 0 0 0    0.154347     0.12715 0.000272407  0.00484945   0.0233967 -0.00652915  0.0404512  0.0256738 0.00706464  -0.130826 -0.0311715   -9.80808 
             32.5011 -0.0915851 -0.0026589     32.554    1.68248   0.837877 -0.0283943 0 0 0 0 0 0    0.169012    0.134556 -0.00132865  0.00483775   0.0233846 -0.00653593  0.0407385  0.0261661 0.00708419  -0.130337 -0.0309531   -9.80809 
             32.9011 -0.0319777  -0.166029    31.8557     1.7685   0.894633 -0.0375895 0 0 0 0 0 0    0.206729    0.144509 -0.00953916   0.0048095   0.0234838 -0.00655368  0.0400324  0.0281854 0.00775197  -0.129832 -0.0290071    -9.8081 
             34.8012  0.0150251 -0.0395665    28.8812  2.04941  1.19139 0.016484 0 0 0 0 0 0  0.156718  0.187049 0.0352621   0.0048497   0.0233766 -0.00653656  0.0424821  0.0241501 0.00677878  -0.130167 -0.0334192   -9.80808 
             35.2017 -0.04329  0.07636  17.0221    2.23296    1.10258 -0.0254687 0 0 0 0 0 0     0.256688    0.0784676 -0.000338638  0.00488011   0.0233118 -0.00654015  0.0427967  0.0245327 0.00796771  -0.129741 -0.0334948   -9.80808 
             35.4015 0.0124297  0.173697   14.2563    2.27126     1.1146 -0.0345404 0 0 0 0 0 0   0.245922  0.0710718 -0.0163165  0.00486776   0.0233158 -0.00653893  0.0428406   0.024631 0.00857544  -0.129827 -0.0334311   -9.80808 
             35.7014 -0.0442502  0.0982355    12.8447    2.34152    1.14948 -0.0384966 0 0 0 0 0 0  0.234773  0.100029 -0.017959  0.00487495   0.0233213 -0.00653533 0.0428384 0.0239616 0.0085278  -0.130222 -0.0331121   -9.80808 
             35.8012 -0.0311606   0.133622    10.7412   2.36777   1.15233 -0.037114 0 0 0 0 0 0    0.263308    0.082099 -0.00443705  0.00484379   0.0233338 -0.00649872  0.0429136  0.0246331 0.00824914  -0.129918 -0.0335491   -9.80808 
             35.9011 -0.0134935 0.00187781     10.054    2.39199    1.15448 -0.0376664 0 0 0 0 0 0     0.251219    0.0764658 -0.000657588  0.00483435   0.0233492 -0.00649633 0.0433388 0.0252904 0.0082957  -0.130034 -0.0341218   -9.80808 
             36.0011 -0.048747 0.0346692   9.40747    2.41935    1.16449 -0.0354517 0 0 0 0 0 0    0.28095  0.0648798 0.00774227  0.00484266   0.0233323 -0.00649263  0.0431094   0.024919 0.00801242  -0.129876 -0.0338283   -9.80808 
             37.0012 -0.062074 0.0163447   8.77066    2.71836    1.25025 -0.0312288 0 0 0 0 0 0    0.308031   0.0609585 -0.00160828  0.00484147   0.0233332 -0.00649287  0.0427524  0.0243362 0.00791939  -0.129589 -0.0334161   -9.80809 
             37.5014 -0.330436 0.0101572   1.80853    2.84168    1.20849 -0.0420928 0 0 0 0 0 0    0.260698 -0.00382494 -0.00983593  0.00483884   0.0233112 -0.00641467  0.0428623  0.0250474 0.00827657  -0.130032 -0.0337757   -9.80808 
             37.8013 -0.277517 -0.241942  -1.24088    2.92379    1.22159 -0.0413905 0 0 0 0 0 0    0.315691 -0.00670048 0.000258398  0.00481725   0.0233063 -0.00647309  0.0431934  0.0249052 0.00806725 -0.129764   -0.0336  -9.80808 
             37.9013 -0.368176 -0.528182  -3.18178    2.96899     1.2078 -0.0446868 0 0 0 0 0 0   0.362167 -0.0142928 -0.0120192  0.00484045   0.0233125 -0.00640479  0.0412235  0.0250296 0.00839454  -0.130072 -0.0353048   -9.80807 
             38.4013 -0.334928 -0.220824  -3.59073     3.1349    1.19614 -0.0522908 0 0 0 0 0 0   0.346732 -0.0314057 -0.0179966  0.00482562   0.0232955 -0.00645337  0.0424711  0.0252679 0.00823126  -0.130048 -0.0341648   -9.80808 
             38.8015 -0.265809 -0.143035  -4.81656    3.27333    1.20136 -0.0362129 0 0 0 0 0 0    0.332781 -0.00788577   0.0090335  0.00481686   0.0233332 -0.00644444 0.0431961 0.0242322 0.0071745   -0.12895 -0.0338022   -9.80809 
             39.5015 -0.192318 -0.212322   -5.6391    3.48993    1.17754 -0.0357312 0 0 0 0 0 0    0.34217 -0.0389287  0.0102145  0.00480564   0.0233238 -0.00645228  0.0433619  0.0249938 0.00744545  -0.129518 -0.0333779   -9.80809 
             39.9016 -0.0267681  -0.322305   -6.60157    3.62932    1.14753 -0.0380743 0 0 0 0 0 0    0.329844  -0.0588798 0.000669818  0.00483714   0.0233398 -0.00642978   0.042596  0.0250266 0.00760666  -0.129847 -0.0339929   -9.80808 
             40.3017   -0.1091 -0.428467  -7.08629    3.77554    1.13714 -0.0256312 0 0 0 0 0 0   0.329278 -0.0286696  0.0140876   0.0048579   0.0233797 -0.00640258  0.0426539  0.0244335 0.00703118  -0.129364 -0.0342052   -9.80809 
             40.9016 -0.0263891  -0.109777   -7.31986    3.97351    1.10608 -0.0502723 0 0 0 0 0 0    0.33577 -0.0593831 -0.0177365    0.004821   0.0233157 -0.00641754 0.0427137 0.0249839 0.0083098  -0.129746 -0.0339116   -9.80808 
             41.3016  0.0327004 -0.0313322   -7.33942    4.09817    1.05186 -0.0410775 0 0 0 0 0 0   0.317842 -0.0685935 -0.0029661  0.00485028   0.0233142 -0.00652059  0.0416556  0.0262281 0.00772662  -0.131215 -0.0342176   -9.80806 
             42.2016 -0.0483683   0.263231   -7.11408     4.4599    1.06018 -0.0371924 0 0 0 0 0 0    0.378839 -0.00813507 0.000425182  0.00487125    0.023305 -0.00642527   0.042482  0.0239412 0.00757282   -0.12904 -0.0345821   -9.80809 
             42.5016   -0.249103 -0.00263015    -5.06365    4.53645    1.02915 -0.0391597 0 0 0 0 0 0   0.318186 -0.0303429 0.00214803  0.00490086   0.0233229 -0.00649444   0.042347   0.025036 0.00772741  -0.129977 -0.0342352   -9.80808 
             42.6016 -0.0726996  0.0858312   -4.45051    4.56676     1.0364 -0.0440213 0 0 0 0 0 0    0.339477  0.00181359 -0.00449553  0.00485073   0.0233061 -0.00648358  0.0426067  0.0249229 0.00811663  -0.129838 -0.0340235   -9.80808 
             43.1016 -0.0494868  0.0020669   -4.30881   4.74761   1.04733 -0.048987 0 0 0 0 0 0   0.340758  0.0165631 -0.0115515  0.00479423   0.0233006 -0.00646373  0.0424758  0.0243259 0.00815023  -0.129382 -0.0342894   -9.80809 
             43.2016 -0.168815  0.089793  -3.41891   4.78266   1.01071 -0.044025 0 0 0 0 0 0   0.357817 -0.0647642 0.00554467  0.00481724   0.0233267 -0.00653171  0.0401803  0.0259282 0.00780873   -0.13132 -0.0358003   -9.80806 
             43.3017 -0.00773766   0.0953426    -3.18671    4.81789    1.00314 -0.0425663 0 0 0 0 0 0   0.352217 -0.0651818 0.00207758  0.00483005   0.0233391 -0.00657451  0.0400466  0.0261188 0.00770855  -0.131507 -0.0358726   -9.80805 
             43.5017 0.0345601  0.190966  -3.07312    4.88366   0.996917 -0.0444624 0 0 0 0 0 0    0.336449  -0.0470016 -0.00665206  0.00478093   0.0233282 -0.00657776  0.0407448  0.0261407 0.00786725 -0.131388 -0.035277  -9.80806 
             44.3017 -0.120757  0.288466  -2.77364    5.16108   0.973213 -0.0542693 0 0 0 0 0 0    0.353638 -0.00430437  0.00234392  0.00485623   0.0233131 -0.00660761  0.0405627  0.0257493 0.00819181  -0.131103 -0.0354818   -9.80806 
             44.6018 -0.0769218  0.0385877   -1.73107    5.27232    1.02018 -0.0446177 0 0 0 0 0 0   0.359474  0.0557606 0.00216388   0.0048298    0.023314 -0.00655832    0.04133  0.0248775 0.00788635  -0.130249 -0.0349971   -9.80807 
             45.2021 -0.0634249    0.10779   -1.51579   5.47425  0.994908 -0.047007 0 0 0 0 0 0   0.343957  0.0154925 0.00846752  0.00482634     0.02331 -0.00644648   0.041035  0.0255063 0.00829987  -0.130737 -0.0352437   -9.80807 
              45.302 -0.224508  0.216679  -1.08731    5.50467   0.996431 -0.0505222 0 0 0 0 0 0   0.345339 -0.0130613 0.00494654  0.00485274   0.0233211 -0.00649021 0.0411918   0.02559 0.0085316  -0.130806 -0.0351014   -9.80806 
             46.4022 -0.140711   0.20563  -1.11115    5.89195    0.99374 -0.0606483 0 0 0 0 0 0     0.34409 -0.00126378 -0.00981427  0.00480819   0.0233212 -0.00647679 0.0408074 0.0256257 0.0087069  -0.130854 -0.0354053   -9.80806 
             47.4023 -0.410963 -0.217455  -0.74603    6.22506    1.02972 -0.0604761 0 0 0 0 0 0    0.354685   0.0398186 -0.00129819  0.00490345   0.0233074 -0.00651362  0.0409159  0.0257717 0.00854811  -0.130965 -0.0353225   -9.80806 
             47.5023  -0.264728 -0.0061787   -1.06395    6.25481   0.977512 -0.0597703 0 0 0 0 0 0     0.349706   -0.0149273 -0.000469952 0.00485669  0.0232887 -0.0065061  0.0406881  0.0261423 0.00853409  -0.131243 -0.0355195   -9.80806 
             47.8024  -0.204094 -0.0123208   -1.25836      6.371   0.977332 -0.0607707 0 0 0 0 0 0     0.357015 -0.000407853  -0.00535754  0.00483786   0.0232821 -0.00646791  0.0405538  0.0258891 0.00862273  -0.131048 -0.0356278   -9.80806 
             48.1024 -0.377562 0.0741732  -1.97652    6.47123   0.994384 -0.0621912 0 0 0 0 0 0    0.362039  0.00557918 -0.00255132  0.00489764   0.0232951 -0.00650421   0.041272  0.0257069 0.00860206  -0.130889 -0.0350554   -9.80806 
             48.3025 -0.414081 -0.188662  -2.61809    6.54368   0.990225 -0.0593881 0 0 0 0 0 0   0.363774  0.0141787 0.00324807  0.00487532   0.0233006 -0.00654265  0.0408315  0.0261331 0.00842198  -0.131248 -0.0353866   -9.80806 
             49.5024  -0.51015 -0.198337   -3.1045    6.97644    1.00409 -0.0778493 0 0 0 0 0 0    0.382971 -0.00319899  -0.0148247  0.00488793   0.0232789 -0.00657555  0.0415364  0.0269398 0.00880409  -0.131834 -0.0347355   -9.80805 
             49.6024 -0.961804 0.0689358  -8.74135    7.01307   0.958001 -0.0670243 0 0 0 0 0 0     0.369759   -0.0796419 -0.000141355  0.00493463   0.0232574 -0.00660651  0.0411193  0.0273859 0.00841424  -0.132266 -0.0349647   -9.80805 
             49.7023 -0.872524   0.17387  -9.27365    7.04345   0.958676 -0.0709287 0 0 0 0 0 0   0.355276 -0.0177909 -0.0111356   0.0049579    0.023229 -0.00664811  0.0412277  0.0275436 0.00864714 -0.132213 -0.034815  -9.80805 
             49.8023 -0.648305   0.20785  -10.0683    7.08299   0.961763 -0.0690835 0 0 0 0 0 0    0.373103 -0.00495602 0.000142632  0.00482578   0.0232309 -0.00657433  0.0413393  0.0273528 0.00836031  -0.132006 -0.0349395   -9.80805 
             49.9023 -0.764749  0.172312  -10.7335    7.11321   0.951872 -0.0678383 0 0 0 0 0 0   0.355822 -0.0371537 0.00890563  0.00487611    0.023246 -0.00660993  0.0410862  0.0279262 0.00819438 -0.132553 -0.034686  -9.80804 
             50.2024 -0.828567 0.0985873  -11.4256     7.2237   0.942317 -0.0711233 0 0 0 0 0 0    0.356374  -0.0429559 -0.00262619 0.00485096   0.023215 -0.0066066  0.0410825  0.0274201 0.00841061  -0.132209 -0.0349918   -9.80805 
             50.6024  -0.743833 -0.0455329   -13.1831    7.36312   0.925883 -0.0573408 0 0 0 0 0 0   0.337063 -0.0547257  0.0181759  0.00476389   0.0232286 -0.00659344  0.0419281  0.0276966 0.00778614  -0.131881 -0.0342641   -9.80805 
             51.1026  -0.803905 -0.0920402   -13.9702     7.5298   0.878466 -0.0658068 0 0 0 0 0 0    0.339742  -0.0943381 0.000501334 0.00480318  0.0232218 -0.0065814  0.0406133  0.0286769 0.00841876   -0.13337 -0.0345784   -9.80803 
             51.6025  -0.916306 -0.0409306   -14.2057    7.70452    0.82556 -0.0693953 0 0 0 0 0 0    0.34275 -0.0986702 0.00184494  0.00486511   0.0232393 -0.00655599  0.0397652  0.0289855 0.00855693 -0.134112 -0.034952  -9.80802 
             52.7027  -0.680784 -0.0932657   -14.3744    8.05985   0.688032 -0.0743522 0 0 0 0 0 0    0.324366   -0.128395 -0.00113131  0.00479815   0.0232221 -0.00656354  0.0396514  0.0304877 0.00862315  -0.135173 -0.0340836   -9.80801 
             52.9027 -0.383648 0.0327774  -14.1129    8.11268   0.708517 -0.0728195 0 0 0 0 0 0   0.324218 -0.0895152 -0.0077874  0.00472713   0.0232113 -0.00658963  0.0405496  0.0303826 0.00854064  -0.134539 -0.0335581   -9.80802 
             53.0026  -0.45254 -0.233406   -14.039    8.14052     0.7126 -0.0669687 0 0 0 0 0 0   0.317242 -0.0297037 0.00953967 0.00480638  0.0232478 -0.0066227  0.0409106  0.0304014 0.00814439  -0.134327 -0.0333135   -9.80802 
             53.1026 -0.331822 -0.272259  -14.0568     8.1778   0.702983 -0.0639787 0 0 0 0 0 0   0.324293 -0.0633735 0.00863841  0.00476685   0.0232541 -0.00659719  0.0404219   0.030072 0.00799336    -0.1344 -0.0338426   -9.80802 
             53.6026 -0.445751 -0.276364  -14.0042   8.35546  0.684477 -0.058108 0 0 0 0 0 0   0.360787 -0.0536608   0.021987  0.00479041   0.0232514 -0.00663414  0.0407144  0.0291915 0.00812189  -0.133643 -0.0341791   -9.80803 
             55.7025  -0.69642 -0.167495  -14.0557    9.06182    0.44421 -0.0924911 0 0 0 0 0 0    0.289825   -0.123807 -0.00938672  0.00497568   0.0232685 -0.00661472  0.0372688  0.0316127 0.00881294  -0.137342 -0.0350053   -9.80798 
             56.0025 -0.829438 -0.168452   -38.131    9.11598    0.42394 -0.0879545 0 0 0 0 0 0    0.263698   -0.125063 -0.00924031  0.00495163   0.0231261 -0.00689304  0.0374516  0.0317801 0.00868675  -0.137307 -0.0347758   -9.80798 
             56.2027 -0.590101 -0.127458  -43.5912    9.14431   0.342043 -0.0848347 0 0 0 0 0 0    0.21028  -0.257272 0.00539958   0.0049327   0.0230825 -0.00679236  0.0359242  0.0322134 0.00851893   -0.13881 -0.0346799   -9.80796 
             56.5028 -0.439918 -0.200847  -47.0901   9.21155  0.269804 -0.069785 0 0 0 0 0 0  0.208071 -0.263992 0.0254353  0.00490578   0.0230815 -0.00688635  0.0372694   0.031541 0.00783481  -0.137384 -0.0348226   -9.80798 
             56.7029 -0.302062 -0.242338  -52.6735    9.23325   0.214624 -0.0850708 0 0 0 0 0 0   0.155336  -0.294738 -0.0128369  0.00490523   0.0230449 -0.00683986  0.0372753  0.0373168 0.00892494  -0.139347 -0.0296924   -9.80797 
             57.5027 -0.224356 -0.227255  -56.3865    9.33441 0.00587331 -0.0890595 0 0 0 0 0 0   0.070807  -0.331269 0.00164157  0.00489013   0.0230314 -0.00684705  0.0433818  0.0363291 0.00876029  -0.133568 -0.0285975   -9.80805 
             57.9028 -0.417159   0.17048  -74.0455    9.39493 -0.0626968   -0.11046 0 0 0 0 0 0  0.0728401  -0.280394 -0.0239539  0.00491189   0.0229683 -0.00682093 0.0485622 0.0355148 0.0092257   -0.12862 -0.0278703   -9.80812 
              58.403  -0.474145 -0.0184046   -82.9492    9.40091  -0.169546 -0.0882221 0 0 0 0 0 0 -0.0403937  -0.279578  0.0161019  0.00486834   0.0229044 -0.00683096   0.050778  0.0379773 0.00802399  -0.126994 -0.0252185   -9.80815 
             59.2026 -0.605494  -0.22161  -94.3442    9.3829 -0.433543 -0.107106 0 0 0 0 0 0 -0.102562 -0.359297 -0.005663  0.00488079   0.0228428 -0.00681062 0.0510539  0.032023 0.0087343  -0.125575 -0.0307122   -9.80815 
             59.6028  -0.61506 -0.695859  -113.312    9.36653   -0.51356 -0.0870706 0 0 0 0 0 0 -0.126722 -0.303765 0.0139415  0.00484225   0.0227888 -0.00672131   0.056722  0.0332336 0.00795331  -0.120417 -0.0286754   -9.80822 
             60.4029 -0.432375 -0.818485  -121.428     9.2277  -0.673735 -0.0847256 0 0 0 0 0 0  -0.23192 -0.203399 0.0068606  0.00480345    0.022864 -0.00668845  0.0591043  0.0363759 0.00811292  -0.118478 -0.0254519   -9.80825 
             60.5028 -0.345754 -0.602244  -138.946    9.23153  -0.680464 -0.0902548 0 0 0 0 0 0 -0.223219 -0.178048 0.0052527 0.00480279  0.0228257 -0.0066721  0.0631076  0.0360189 0.00829202  -0.114644 -0.0253876    -9.8083 
             62.0029 -0.356189 -0.512539  -141.263   8.83024 -0.896601 -0.091004 0 0 0 0 0 0   -0.306756   -0.077752 -0.00117326 0.00481007  0.0228004 -0.0066477   0.064379  0.0349052 0.00839105  -0.113416 -0.0264079   -9.80831 
             62.8031  0.150822 -0.262546  -176.381    8.70508  -0.870067 -0.0884198 0 0 0 0 0 0   -0.285443   0.0304476 -0.00978484  0.00477969   0.0227118 -0.00652819  0.0668246  0.0349281 0.00825297  -0.111091 -0.0262913   -9.80834 
             63.1031  0.339383 -0.451936   163.354    8.69513  -0.872555 -0.0843331 0 0 0 0 0 0   -0.230215   0.0841514 -0.00641679  0.00481802   0.0226728 -0.00652453  0.0698962  0.0345236 0.00802722  -0.108223 -0.0268255   -9.80837 
              63.403  0.328652 -0.846669   155.557      8.646  -0.856146 -0.0871964 0 0 0 0 0 0  -0.237517   0.084228 -0.0164396  0.00476249    0.022668 -0.00646253  0.0747872  0.0329387 0.00803809   -0.10365 -0.0285275   -9.80841 
             63.9032  0.648666 -0.353803   148.169    8.55249  -0.794228 -0.0952209 0 0 0 0 0 0   -0.214188      0.1898 -0.00531614  0.00476632   0.0226621 -0.00647579  0.0780572  0.0355906 0.00792281  -0.100382 -0.0262394   -9.80845 
             64.0031  0.495588 -0.448297   135.711    8.54416  -0.804275 -0.0870599 0 0 0 0 0 0  -0.208634  0.0836141 0.00792113   0.0047683   0.0226599 -0.00645159  0.0830391  0.0304006 0.00736961  -0.096189 -0.0315924   -9.80848 
             64.5032  0.767464 -0.107887   133.294   8.45871 -0.757743 -0.085046 0 0 0 0 0 0 -0.173316  0.133179 0.0038252  0.00473143   0.0226277 -0.00643353  0.0853548  0.0291908 0.00739461 -0.0941809 -0.0330344   -9.80849 
             64.8033  0.501015 -0.190165   121.064      8.443  -0.713836 -0.0840937 0 0 0 0 0 0  -0.119509   0.190728 0.00407015  0.00470881   0.0225672 -0.00644504   0.089106  0.0306818 0.00731834 -0.0904737 -0.0322226   -9.80853 
             65.1032   0.509706 -0.0714389    113.496    8.42216  -0.644002 -0.0859701 0 0 0 0 0 0   -0.0668333     0.292081 -9.04259e-05  0.00471191   0.0225719 -0.00643923  0.089513 0.0331385 0.0074354 -0.0896386  -0.030041   -9.80854 
             65.4032  0.30799 -0.39801  105.946    8.36854  -0.583157 -0.0876153 0 0 0 0 0 0  -0.144948   0.228947 -0.0198093  0.00472502   0.0225822 -0.00638717  0.0894193  0.0263018 0.00746891 -0.0911956 -0.0362527   -9.80851 
             65.7031  0.382602 0.0150454   98.7234    8.38545  -0.495191 -0.0842039 0 0 0 0 0 0  -0.0178441    0.402393 -0.00784838  0.00471431   0.0225179 -0.00645656  0.0974015  0.0301213 0.00712084 -0.0830491 -0.0348186   -9.80859 
              65.803  0.218997 -0.172226   92.9762   8.39226 -0.464477 -0.087672 0 0 0 0 0 0 0.00465508   0.388882 -0.0183492  0.00473525   0.0226101 -0.00657649  0.100155 0.0299813 0.0073025 -0.0806458 -0.0357515    -9.8086 
             66.1026 0.291196 0.183599   91.824    8.38134  -0.349486 -0.0869704 0 0 0 0 0 0 -0.0168751   0.367526 -0.0120965  0.00472596   0.0225242 -0.00651486  0.0984889  0.0276821 0.00697521 -0.0828181   -0.03722   -9.80858 
             66.4031 0.313916 0.232116  91.2049    8.34418  -0.245044 -0.0832333 0 0 0 0 0 0 -0.0875093   0.383879 0.00391161  0.00472793   0.0225573 -0.00644251  0.0975274  0.0230583 0.00670029 -0.0851937 -0.0408752   -9.80854 
              67.203 0.284636 0.251414  90.8328   8.32312 0.0344216 -0.101628 0 0 0 0 0 0 -0.0435618   0.342489 -0.0215323  0.00470858   0.0225607 -0.00649767   0.100912  0.0239366 0.00730371 -0.0819935  -0.041305   -9.80857 
             67.5033 0.0563716 0.0862055   95.3929    8.32415  0.0652547 -0.0778288 0 0 0 0 0 0 -0.0328959    0.27464   0.020262  0.00472671   0.0224838 -0.00638213   0.103481  0.0229564 0.00642574 -0.0801352 -0.0430224   -9.80858 
             67.7035 0.140036 0.169657  99.7149    8.35314    0.15336 -0.0769099 0 0 0 0 0 0 0.0129479  0.343111 0.0103713 0.00477469  0.0225591 -0.0065059   0.103614  0.0250569 0.00653991  -0.079413 -0.0412337   -9.80859 
             68.0036 0.206304 0.137021  102.838     8.3478   0.247225 -0.0803231 0 0 0 0 0 0 -0.000795396     0.341417   0.00235114  0.00480372   0.0226468 -0.00663948   0.104195  0.0246612 0.00697753 -0.0790187 -0.0417497   -9.80859 
             68.4033 0.109891 0.428471  107.064    8.32191   0.354297 -0.0741581 0 0 0 0 0 0 -0.0932311   0.327908  0.0243128  0.00477321   0.0225654 -0.00656037  0.105959 0.0217742 0.0068254 -0.0782574 -0.0447654   -9.80859 
             68.5032 0.200268 0.196369  113.261    8.30808   0.357668 -0.0772222 0 0 0 0 0 0 -0.0650802   0.245876 0.00786586  0.0048215  0.0226676 -0.0065867   0.108202  0.0186254 0.00709705 -0.0770406 -0.0481017   -9.80858 
             68.6032  0.18602 0.215237  114.693    8.2911  0.368362 -0.076687 0 0 0 0 0 0  -0.150064   0.211251 0.00461715  0.00485841    0.022702 -0.00651095   0.108849  0.0165762 0.00711523   -0.07692 -0.0500787   -9.80857 
             68.7032  0.122582 0.0874015   116.424    8.28606    0.39954 -0.0763542 0 0 0 0 0 0  -0.0974782    0.237549 -0.00466271  0.00485687    0.022718 -0.00651625   0.108627  0.0186197 0.00709306 -0.0767079 -0.0481935   -9.80858 
             69.2035   0.211225 -0.0957103    117.962    8.21165   0.508093 -0.0851503 0 0 0 0 0 0  -0.131606   0.234691 -0.0187208  0.00486253     0.02275 -0.00650381    0.10964  0.0177161 0.00744772 -0.0759675 -0.0491904   -9.80858 
             69.3035  0.281597 -0.089696   126.158    8.21677   0.534136 -0.0829051 0 0 0 0 0 0  -0.198847   0.223696 0.00621781  0.00484204   0.0227595 -0.00645122   0.111676  0.0196731 0.00725847 -0.0738146 -0.0477346   -9.80861 
             69.8033   0.37475 -0.108638   127.916    8.14274   0.661136 -0.0812308 0 0 0 0 0 0   -0.217089    0.229111 -0.00906264  0.00482773    0.022742 -0.00652021   0.112131  0.0208439 0.00716694 -0.0732454 -0.0467123   -9.80862 
             70.0034  0.278104 -0.470605   136.408    8.11065   0.685941 -0.0761649 0 0 0 0 0 0  -0.254484   0.159317 0.00707648  0.00494876    0.022822 -0.00644756   0.113508  0.0200756 0.00688139 -0.0720627 -0.0475221   -9.80862 
             70.3036  0.491571 -0.287852   140.127    8.06002   0.712388 -0.0884584 0 0 0 0 0 0  -0.181983   0.125206 -0.0211357  0.00483151   0.0227552 -0.00645852   0.115663  0.0188062 0.00742149 -0.0701759 -0.0487891   -9.80863 
             70.4036  0.466196 -0.269063   145.472    8.03948   0.742507 -0.0839335 0 0 0 0 0 0   -0.211103    0.175874 -0.00380995   0.0048234   0.0227507 -0.00642901   0.115115  0.0211776 0.00708234 -0.0705984 -0.0466033   -9.80864 
             70.5036   0.340348 -0.0647687    147.242    8.02116   0.769195 -0.0820013 0 0 0 0 0 0  -0.228607   0.175789 -0.0023893  0.00480184   0.0227426 -0.00636496   0.114559  0.0225417 0.00689729 -0.0710777 -0.0453491   -9.80864 
             70.7035  0.423891 -0.285406   149.284    7.97947   0.799435 -0.0836435 0 0 0 0 0 0  -0.277988   0.137837 0.00540289  0.00485954   0.0227779 -0.00646001   0.115649  0.0219399 0.00696532 -0.0700889 -0.0458933   -9.80864 
             70.9034  0.591288 -0.261566   153.047   7.93513  0.836966 -0.087232 0 0 0 0 0 0    -0.28949     0.14878 -0.00844446 0.00479796  0.0227732 -0.0065133  0.116111  0.023201 0.0071011   -0.06968 -0.0447291   -9.80865 
             71.1034  0.495707 -0.357938   156.411      7.888   0.854198 -0.0935967 0 0 0 0 0 0  -0.264729   0.119628 -0.0200562  0.00487106   0.0228378 -0.00635763   0.117202  0.0213116 0.00726963 -0.0686395 -0.0464127   -9.80865 
             71.3035 0.435323 -0.37543  160.192    7.82275   0.872318 -0.0793079 0 0 0 0 0 0 -0.396724  0.157421  0.029063    0.004887   0.0228211 -0.00645295   0.117528   0.020332 0.00641232  -0.068294 -0.0472839   -9.80865 
              71.404 0.537927 -0.36531   163.06  7.79292 0.902572  -0.0819 0 0 0 0 0 0 -0.356114  0.131695 0.0158853  0.00481876   0.0228468 -0.00651273   0.118404  0.0231377 0.00676959 -0.0676971 -0.0446521   -9.80866 
             71.6038  0.695408 -0.420694   164.122    7.72283   0.928486 -0.0772588 0 0 0 0 0 0  -0.37374  0.106586 0.0249294  0.00487033   0.0228316 -0.00648318   0.119267  0.0231733 0.00673546  -0.066921 -0.0445289   -9.80867 
             72.2034  0.597722 -0.515397   166.104    7.51022   0.992321 -0.0821949 0 0 0 0 0 0 -0.392546 0.0792413 0.0111008 0.00484953  0.0228641  -0.006462   0.121155  0.0223669 0.00749103  -0.065142 -0.0450316   -9.80868 
             72.5037  0.551643 -0.637303   171.679    7.40011   0.971404 -0.0713961 0 0 0 0 0 0  -0.377787 0.00951226  0.0148382  0.00487955   0.0228498 -0.00637005   0.121909  0.0197485 0.00720459 -0.0641238 -0.0472697   -9.80868 
             72.7036  0.409332 -0.397757   174.053    7.32595   0.983955 -0.0750388 0 0 0 0 0 0   -0.38483  0.0159437 0.00854092  0.00488105   0.0228447 -0.00640078   0.121938  0.0201528 0.00752747 -0.0641715 -0.0469089   -9.80868 
             73.0038  0.463512 -0.672304   175.656    7.21984   0.991552 -0.0789652 0 0 0 0 0 0    -0.298873  -0.00065217 -0.000929005  0.00488431   0.0228775 -0.00642087   0.122432  0.0203764 0.00782311 -0.063782 -0.046617  -9.80868 
             73.1038  0.579203 -0.634692   175.954    7.20234   0.994437 -0.0792798 0 0 0 0 0 0   -0.233299   0.0177093 -0.00389839   0.0048682   0.0228865 -0.00633772   0.124093  0.0205395 0.00782081  -0.062359 -0.0461414   -9.80869 
             73.7033  0.546172 -0.593614   176.129    7.05052    1.01385 -0.0738735 0 0 0 0 0 0  -0.278781  0.0314369 0.00785061  0.00485013   0.0228549 -0.00637898   0.124841   0.021106 0.00759782 -0.0618145 -0.0454919    -9.8087 
             74.1034  0.548122 -0.495457   176.946    6.90214    1.02818 -0.0774221 0 0 0 0 0 0   -0.323057   0.0428564 -0.00537455  0.00485518   0.0228861 -0.00641303   0.123346  0.0212829 0.00781163 -0.0631518 -0.0456463   -9.80869 
             74.3033  0.482624 -0.332005   178.314    6.85715    1.02824 -0.0821464 0 0 0 0 0 0   -0.281779   0.0380654 -0.00795908  0.00488112   0.0228812 -0.00642629   0.124112  0.0208898 0.00798696 -0.0624147 -0.0458262   -9.80869 
             74.6035  0.527834 -0.262195  -179.628    6.78647    1.03779 -0.0771434 0 0 0 0 0 0    -0.232625     0.013428 -0.000375631  0.00485653   0.0228872 -0.00644783   0.124288  0.0211005 0.00761332 -0.0623051 -0.0456041    -9.8087 
             75.1039  0.295969 -0.295567  -175.774    6.66397     1.0192 -0.0670175 0 0 0 0 0 0  -0.255008 -0.0359874  0.0169319   0.0049017   0.0228768 -0.00649589   0.124104  0.0201121 0.00727202 -0.0622509 -0.0464924   -9.80869 
             75.3037  0.211873 -0.538436  -169.947   6.63552  0.994258 -0.067703 0 0 0 0 0 0  -0.232609 -0.0668731  0.0183166  0.00485515   0.0229135 -0.00644921   0.125268  0.0185993 0.00744142 -0.0608995 -0.0474701    -9.8087 
             75.5035  0.143643 -0.551781  -167.519    6.60587    1.00724 -0.0724429 0 0 0 0 0 0   -0.178735  -0.0249068 3.56269e-05 0.00486582  0.0229488  -0.006446   0.126601  0.0199483 0.00786988 -0.0601827 -0.0459409   -9.80871 
             75.9037  0.276399 -0.461896  -165.185   6.52496  0.990213 -0.071762 0 0 0 0 0 0  -0.206434 -0.0581316 0.00282655   0.0048015   0.0229718 -0.00643416   0.126221  0.0198939 0.00790671 -0.060477 -0.046109  -9.80871 
              76.204 0.0943773   -0.4346  -162.319    6.45911   0.968728 -0.0655747 0 0 0 0 0 0  -0.206503 -0.0619327  0.0144185  0.00484187   0.0229575 -0.00644159   0.125798  0.0197123 0.00768493 -0.0607604 -0.0463993    -9.8087 
             76.6035  0.119959 -0.485102   -162.29    6.37364   0.932234 -0.0621858 0 0 0 0 0 0  -0.245299 -0.0785959  0.0172497   0.0048302   0.0229617 -0.00644342   0.125565  0.0191405 0.00775463 -0.0607529 -0.0469393    -9.8087 
             76.9037  0.162758 -0.546875  -162.952    6.30352   0.903917 -0.0668132 0 0 0 0 0 0  -0.223034 -0.0879553 0.00672252  0.00481412   0.0229776 -0.00644789   0.125504  0.0189713 0.00817648 -0.0607444 -0.0470948    -9.8087 
             77.1039  0.122189 -0.390593  -164.874    6.26885   0.899301 -0.0639768 0 0 0 0 0 0  -0.206514 -0.0601231  0.0112738  0.00483367     0.02295 -0.00645689   0.126255  0.0195952 0.00809002 -0.0603606  -0.046335    -9.8087 
             77.3038 0.0500708 -0.507595  -167.247     6.2393   0.888566 -0.0628486 0 0 0 0 0 0  -0.20181 -0.057471 0.0135094  0.00485534   0.0229279 -0.00641659   0.127431  0.0192076 0.00814968 -0.0593021 -0.0462443   -9.80871 
             77.4037 0.0876238 -0.422824  -169.526    6.22161   0.884029 -0.0607643 0 0 0 0 0 0  -0.192053 -0.0583815  0.0122882   0.0048575   0.0229138 -0.00644686  0.127783 0.0192791 0.0080654  -0.059044 -0.0460733   -9.80871 
             77.5036  0.143377 -0.334268  -170.844   6.20186  0.875412 -0.061446 0 0 0 0 0 0  -0.194004  -0.059202 0.00618049  0.00481773   0.0229213 -0.00639961  0.127589 0.0189268 0.0081901  -0.059093 -0.0464173   -9.80871 
             77.6035 -0.000878164    -0.323718     -171.917   6.18032  0.868044 -0.062118 0 0 0 0 0 0  -0.205313  -0.055556 0.00459229  0.00487235   0.0229147 -0.00641884    0.12718  0.0188892 0.00830611 -0.0594101 -0.0465693   -9.80871 
             77.9034 -0.0276809  -0.379718   -172.954    6.10201   0.829224 -0.0609806 0 0 0 0 0 0   -0.24789 -0.0930683 0.00237065  0.00485281   0.0229178 -0.00645343   0.125077  0.0168579 0.00836564 -0.0605323 -0.0488224   -9.80869 
             78.5039 0.0848662 -0.290691  -176.454    5.95882   0.816829 -0.0704996 0 0 0 0 0 0   -0.291445  -0.0372262 -0.00894967  0.00484914   0.0229236 -0.00648623   0.126171  0.0187545 0.00869583 -0.0601379 -0.0469821    -9.8087 
             78.9037 0.245221 -0.29504  174.586    5.89098   0.883875 -0.0670297 0 0 0 0 0 0   -0.273024   0.0874252 0.000772312  0.00480087   0.0229158 -0.00645544  0.128035 0.0207971 0.0083958 -0.0590457 -0.0449004   -9.80872 
             79.0035  0.194599 -0.377457   168.987    5.87609    0.87337 -0.0637149 0 0 0 0 0 0 -0.281288 0.0816459 0.0164569 0.00479817  0.0228914 -0.0064124   0.128608  0.0200832 0.00821063 -0.0585182 -0.0454475   -9.80872 
             79.1034  0.173795 -0.495111   168.305   5.84346  0.873676 -0.061029 0 0 0 0 0 0 -0.310794 0.0656408 0.0206121  0.00479008   0.0228868 -0.00641262   0.128489  0.0196217 0.00813961 -0.0585893 -0.0458387   -9.80872 
             79.3031  0.200134 -0.417095   168.063       5.78   0.883193 -0.0574623 0 0 0 0 0 0 -0.308898 0.0610465  0.020782  0.00480411   0.0228881 -0.00639101   0.128502   0.019319 0.00818991 -0.0585639 -0.0460884   -9.80872 
             79.5034  0.181209 -0.446369   167.991    5.71431   0.882422 -0.0599294 0 0 0 0 0 0   -0.30443   0.019074 0.00619838  0.00484797   0.0229029 -0.00643204   0.128353  0.0185094 0.00863297 -0.0586528 -0.0467664   -9.80871 
             80.7038  0.128641 -0.419134   167.695     5.2977   0.943305 -0.0490572 0 0 0 0 0 0  -0.386444  0.0486688 0.00920264  0.00483251   0.0228891 -0.00642793   0.128037  0.0192691 0.00871636 -0.0589489 -0.0461527   -9.80871 
             80.8039 0.00636989   -0.46095    166.851    5.30429   0.974134 -0.0623323 0 0 0 0 0 0   -0.321718   0.0686927 -0.00412895  0.00484471   0.0229258 -0.00646362   0.128398  0.0195897 0.00914296 -0.0586679 -0.0458708   -9.80872 
              80.904 0.0557662  -0.37685   166.848    5.28421   0.977108 -0.0599577 0 0 0 0 0 0  -0.266102  0.0561742 0.00340472  0.00482347   0.0229001 -0.00649001   0.128406   0.019605 0.00891029 -0.0586707 -0.0458648   -9.80872 
              81.104  0.034084 -0.469049   166.769     5.2313   0.976532 -0.0562039 0 0 0 0 0 0 -0.282453 0.0270338 0.0118029  0.00481591    0.022895 -0.00646943   0.128482  0.0195717 0.00866947 -0.0586146 -0.0458872   -9.80872 
              81.204 -0.0339036  -0.609156    166.584    5.20462    0.99582 -0.0545524 0 0 0 0 0 0 -0.306958 0.0910682 0.0153241  0.00482207   0.0228942 -0.00644556  0.128403 0.0199829 0.0086239 -0.0586835 -0.0455653   -9.80872 
             81.4039 -0.0137587  -0.596354    166.462    5.15111    1.01244 -0.0536898 0 0 0 0 0 0  -0.277737  0.0587313 0.00740461  0.00481638    0.022899 -0.00639499   0.128727  0.0200973 0.00871092 -0.0584265 -0.0454636   -9.80872 
             81.6038 -0.0739054  -0.592806    166.492    5.07801    1.02782 -0.0567452 0 0 0 0 0 0  -0.338364   0.100058 0.00348102  0.00481171   0.0229053 -0.00642205   0.127338  0.0200457 0.00906427 -0.0595433 -0.0455455   -9.80871 
              82.404 -0.0451208  -0.586432    166.772    4.78672    1.09932 -0.0586898 0 0 0 0 0 0   -0.398301   0.0997157 -0.00268823  0.00478993   0.0229037 -0.00641771    0.12724  0.0203615 0.00918395 -0.0596307 -0.0452929   -9.80871 
              82.604 -0.0170622  -0.530357     168.56    4.73499    1.11735 -0.0552492 0 0 0 0 0 0  -0.367168  0.0807987 0.00544837  0.00482609   0.0229096 -0.00634478    0.12783  0.0204939 0.00904989 -0.0591645 -0.0451663   -9.80872 
              83.004 0.0779322 -0.465713   169.404    4.59117    1.12385 -0.0532385 0 0 0 0 0 0 -0.384479 0.0322638  0.011678  0.00480326   0.0229072 -0.00637814   0.127901  0.0203045 0.00910862 -0.0590953 -0.0453038   -9.80872 
             83.5041 -0.000720059    -0.367974      170.952   4.40287   1.14932 -0.045983 0 0 0 0 0 0 -0.399074 0.0319683 0.0162921  0.00481205   0.0229011 -0.00642142   0.127898   0.020616 0.00898276 -0.0591188 -0.0450608   -9.80872 
             84.2041 -0.0990646  -0.675912    172.237    4.16627    1.19561 -0.0570393 0 0 0 0 0 0   -0.369475   0.0464292 -0.00260621 0.00481478  0.0229313 -0.0064014    0.12896  0.0213035 0.00950557 -0.0583433  -0.044434   -9.80873 
             84.4042 -0.125534 -0.318616   173.941    4.10545    1.19694 -0.0470774 0 0 0 0 0 0 -0.358445 0.0185108 0.0143419  0.00482952   0.0229207 -0.00638724    0.12931  0.0211863 0.00912309 -0.0580604 -0.0444933   -9.80873 
             84.5042 -0.000107689    -0.114532      174.421    4.06919    1.19428 -0.0453983 0 0 0 0 0 0  -0.364431 0.00492974   0.012752 0.00479182  0.0229233 -0.0064076     0.1293    0.02101 0.00911194 -0.0580488 -0.0446291   -9.80873 
             84.8042 -0.0741214  -0.109316    174.624    3.96485    1.20107 -0.0451418 0 0 0 0 0 0    -0.37361   0.0176703 0.000141279  0.00481845   0.0229208 -0.00638533   0.129587  0.0211659 0.00927482  -0.057849 -0.0444748   -9.80873 
              85.212 -0.0762621  0.0101376    175.443   3.82815   1.22542 -0.050742 0 0 0 0 0 0   -0.336324   0.0335385 -0.00469315  0.00483009   0.0229256 -0.00641237   0.130111  0.0220456 0.00942217 -0.0575523 -0.0437411   -9.80873 
              85.404 -0.0448731   0.026367    176.107    3.77614    1.23534 -0.0472233 0 0 0 0 0 0   -0.337039   0.0334591 -0.00120474  0.00487627   0.0229294 -0.00636454   0.130882  0.0223843 0.00919257 -0.0570133 -0.0433875   -9.80874 
              85.604 -0.0209005 -0.0360401    176.294    3.71876    1.23154 -0.0462221 0 0 0 0 0 0   -0.310693   0.0113398 0.000398249  0.00486962   0.0229434 -0.00636443   0.131389  0.0218833 0.00915146 -0.0565717 -0.0436949   -9.80874 
             86.6044 -0.0958058 -0.0819806    176.559    3.36189    1.20637 -0.0532615 0 0 0 0 0 0   -0.390329  -0.0241875 -0.00224265  0.00487873   0.0229595 -0.00638808   0.130689   0.021527 0.00936426 -0.0570454 -0.0440577   -9.80874 
             86.9037  0.109868 -0.131789   177.835    3.27715    1.25944 -0.0471768 0 0 0 0 0 0  -0.341711  0.0145832 0.00171362  0.00488323   0.0229647 -0.00641372   0.131042  0.0222492 0.00914556 -0.0568823 -0.0434722   -9.80874 
             87.1037  0.0252265 -0.0350342    178.338    3.22437    1.24526 -0.0458961 0 0 0 0 0 0  -0.323628 -0.0391332 0.00849249  0.00488274   0.0229592 -0.00647614   0.131216  0.0220563 0.00916937 -0.0567298 -0.0435758   -9.80874 
             87.2037 0.0471456 -0.011779   178.554    3.19258    1.24665 -0.0449969 0 0 0 0 0 0  -0.330078 0.00164777 0.00366649    0.004906   0.0229477 -0.00644614    0.13131  0.0222601 0.00916359 -0.0566931 -0.0434137   -9.80874 
             87.5037 0.0648229 0.0349734   178.646    3.08832    1.24696 -0.0437472 0 0 0 0 0 0  -0.349318 -0.0313933 0.00292506  0.00492005   0.0229456 -0.00641788   0.130957  0.0229644 0.00914073 -0.0570518 -0.0429601   -9.80874 
             87.6037 0.00679599  -0.134079    179.073    3.05668    1.24984 -0.0475988 0 0 0 0 0 0   -0.339855 -0.00470726 -0.00690501  0.00487771   0.0229814 -0.00644492   0.131335  0.0233808 0.00948907 -0.0568407 -0.0425973   -9.80874 
             87.9038  0.033974 -0.173617   179.195    2.94789    1.24692 -0.0511528 0 0 0 0 0 0  -0.358626 -0.0162655 -0.0100102 0.00487166  0.0229906 -0.0064276   0.131002  0.0235822 0.00956309 -0.0571094 -0.0425061   -9.80874 
             88.3039 0.0461779 -0.426489    179.65    2.81578    1.24645 -0.0511858 0 0 0 0 0 0   -0.364948  -0.0257862 -0.00281996   0.0048571   0.0229971 -0.00646257  0.131987 0.0240853 0.0093911 -0.0564862 -0.0419828   -9.80875 
             88.4039 -0.0610484  -0.540054   -179.971    2.79197     1.2531 -0.0492377 0 0 0 0 0 0    -0.35019 -0.00535039  0.00456248 0.00486598   0.022996 -0.0064521    0.13288  0.0246126 0.00924858 -0.0559398  -0.041456   -9.80875 
             88.5038 -0.173868 -0.474353  -179.845    2.76308     1.2511 -0.0472458 0 0 0 0 0 0  -0.343789 -0.0189544 0.00636502  0.00490089   0.0229941 -0.00644966   0.133403   0.024417 0.00909256 -0.0555402 -0.0415034   -9.80875 
             88.7038  -0.10873 -0.316825  -179.715    2.70987    1.24174 -0.0429149 0 0 0 0 0 0  -0.274428 -0.0295313 0.00616789  0.00488131   0.0229919 -0.00644751   0.134171  0.0240748 0.00880095 -0.0549446 -0.0416103   -9.80876 
             88.8038 -0.285106 -0.410979  -179.735     2.6844    1.24943 -0.0449683 0 0 0 0 0 0  -0.302104 -0.0069373 0.00905293 0.00488833  0.0230022 -0.0063959   0.134595  0.0251706 0.00908986  -0.054832 -0.0407637   -9.80876 
             89.5039 -0.276126 -0.560684  -179.635    2.45035     1.2271 -0.0431179 0 0 0 0 0 0  -0.372108 -0.0379541 0.00395619   0.0048794   0.0230084 -0.00644873   0.133956  0.0248415 0.00919236 -0.0552232 -0.0411073   -9.80876 
             89.9044 -0.218405 -0.436491  -179.753   2.28675   1.22511 -0.043428 0 0 0 0 0 0  -0.333391 -0.0612011 0.00408733 0.00487355      0.023 -0.0064742   0.133429   0.025323 0.00927487 -0.0556683 -0.0408645   -9.80876 
             90.0046 -0.180515 -0.562563   175.343    2.30006     1.2452 -0.0426948 0 0 0 0 0 0  -0.248269  0.0253304 0.00965957  0.00488389    0.022984 -0.00648189   0.134535  0.0257753 0.00925636 -0.0549856 -0.0403779   -9.80876 
             90.2044 -0.213501 -0.623619   173.185   2.25498   1.25076 -0.043261 0 0 0 0 0 0  -0.280209  0.0536321 0.00972605  0.00489885   0.0229682 -0.00653449   0.134836  0.0258047 0.00944338 -0.0547836 -0.0403165   -9.80876 
             90.3043 -0.171093 -0.580538   168.673    2.21635    1.23511 -0.0427994 0 0 0 0 0 0   -0.257984  -0.0632419 -0.00946769  0.00488993   0.0229585 -0.00641889   0.133581  0.0241683 0.00947349 -0.0554996 -0.0415823   -9.80875 
             90.7036 -0.227285 -0.509987    166.62    2.09728    1.21982 -0.0348879 0 0 0 0 0 0 -0.298603  -0.04108 0.0118171   0.0048921   0.0229478 -0.00639249   0.133292  0.0234444 0.00919381 -0.0556505 -0.0421096   -9.80875 
             90.9036 -0.159946 -0.582508   158.313      2.047    1.24897 -0.0459353 0 0 0 0 0 0  -0.299121   0.025617 -0.0141844  0.00489837   0.0229429 -0.00642396  0.133698 0.0253975 0.0099171 -0.0553545 -0.0407463   -9.80876 
             91.1039 -0.255257 -0.558665   154.337   1.98945   1.27409 -0.047952 0 0 0 0 0 0  -0.278001  0.0731609 -0.0183369  0.00492194   0.0229276 -0.00641478   0.133592  0.0261268 0.00990102 -0.0553302  -0.040242   -9.80876 
             91.3039 -0.212047 -0.412192    150.08    1.93542    1.28171 -0.0452224 0 0 0 0 0 0  -0.291059  0.0793966 0.00344277  0.00491583   0.0229226 -0.00631554  0.134228 0.0254369 0.0094976 -0.0550574 -0.0408216   -9.80876 
             91.4038 -0.142443 -0.402512   146.942   1.91353   1.30965 -0.042627 0 0 0 0 0 0 -0.313791  0.157053 0.0119233  0.00489801   0.0229051 -0.00635807   0.134301  0.0273309 0.00929404 -0.0545601 -0.0396469   -9.80877 
             92.3039 -0.112717 -0.379034   145.586    1.65972    1.47166 -0.0302529 0 0 0 0 0 0 -0.274203  0.142331 0.0086091 0.00489042  0.0229075 -0.0063821   0.134888  0.0280317 0.00922555 -0.0540179  -0.039375   -9.80877 
             93.1038 -0.193604 -0.461901    139.54    1.49156    1.62958 -0.0416647 0 0 0 0 0 0  -0.256912   0.150623 0.00703072   0.0048784   0.0229069 -0.00641682   0.135024  0.0284627 0.00975814 -0.0537969 -0.0391692   -9.80877 
             93.3043 -0.168024 -0.528727   146.124   1.46248   1.67537 -0.039591 0 0 0 0 0 0  -0.244857   0.153807 0.00252732  0.00489692   0.0229197 -0.00643153   0.135066  0.0286892 0.00970264 -0.0536805 -0.0390814   -9.80878 
             93.7043 -0.210053 -0.475505   148.762    1.37656    1.71583 -0.0459835 0 0 0 0 0 0    -0.19958    0.124278 -0.00936284  0.00491081    0.022912 -0.00639676  0.135606 0.0285905 0.0101339 -0.0533994 -0.0392919   -9.80878 
              94.004 -0.171127 -0.216264   154.766    1.30372    1.75646 -0.0406474 0 0 0 0 0 0 -0.303636 0.0980135 0.0160799   0.0049009   0.0229534 -0.00642906  0.135533 0.0291718 0.0098677 -0.0532916 -0.0389288   -9.80878 
              94.404 -0.148276  0.058652   159.644      1.194    1.81966 -0.0429977 0 0 0 0 0 0   -0.247334    0.128417 -0.00950505 0.0049064  0.022969 -0.006416  0.134983 0.0303258 0.0100362  -0.053405 -0.0381094   -9.80878 
             94.5041 -0.166832  0.242658   166.627    1.19507    1.81634 -0.0404562 0 0 0 0 0 0  -0.263774 0.00271571   0.014107   0.0049033   0.0230165 -0.00646002   0.136611  0.0300655 0.00983343 -0.0524158 -0.0384489   -9.80878 
             94.6042 -0.0645977 0.00323002    168.354    1.17633    1.81878 -0.0439184 0 0 0 0 0 0  -0.184685   0.064025 -0.0109292 0.00491443  0.0230119 -0.0064274  0.136919 0.0300254 0.0102201 -0.0522183  -0.038485   -9.80879 
             94.7043   -0.163114 -0.00131768     169.993    1.15369    1.81934 -0.0423849 0 0 0 0 0 0 -0.246475 0.0125654 0.0102996  0.00492312   0.0229974 -0.00642425  0.136962   0.02985 0.0100273 -0.0521927  -0.038598   -9.80879 
             94.8043  -0.230941 -0.0541876    171.876    1.12677    1.82623 -0.0395017 0 0 0 0 0 0 -0.237404   0.03652 0.0143395  0.00491753   0.0230195 -0.00640275   0.136434  0.0300945 0.00979129 -0.0525351 -0.0384574   -9.80878 
             94.9042 -0.0445107  -0.155313    173.722    1.08794      1.832 -0.0420564 0 0 0 0 0 0  -0.291594  0.0313157 0.00491069  0.00490962   0.0230159 -0.00641624  0.134963 0.0305825 0.0102467 -0.0534842 -0.0382126   -9.80878 
             95.0042    -0.1726 -0.0840522     175.58    1.06517    1.83383 -0.0439702 0 0 0 0 0 0   -0.281675  0.00548287 -0.00389881  0.00493286   0.0230138 -0.00638103  0.135678 0.0303884  0.010491 -0.0530189 -0.0382869   -9.80878 
             95.1042 -0.0446328  -0.208597    177.453    1.04512    1.84459 -0.0433321 0 0 0 0 0 0  -0.251978  0.0402265 0.00510171  0.00491205   0.0230254 -0.00638365  0.136776  0.031858 0.0104155  -0.052451 -0.0372511   -9.80879 
             95.3057 -0.0504169  -0.239781    179.342    1.00082    1.85528 -0.0429546 0 0 0 0 0 0 -0.271875 0.0182295 0.0113437  0.00491375   0.0230231 -0.00642735  0.137972 0.0325062 0.0105154 -0.0517703 -0.0367028   -9.80879 
              95.604 0.0524509 -0.332158  -176.864   0.940439     1.8694 -0.0370128 0 0 0 0 0 0 -0.223121 0.0425157  0.014893  0.00490746   0.0230737 -0.00646857  0.139639 0.0334972 0.0104277 -0.0508829  -0.035824    -9.8088 
             95.7041 -0.0424332  -0.265491   -171.315   0.910335    1.86215 -0.0337832 0 0 0 0 0 0  -0.281236 -0.0534339  0.0305844  0.00487795   0.0231334 -0.00646552  0.138998 0.0328439 0.0103363 -0.0511312 -0.0363642    -9.8088 
             95.8041 -0.0598935   -0.14458    -169.28   0.878238    1.85666 -0.0375761 0 0 0 0 0 0  -0.258412 -0.0141287 0.00482405  0.00488808   0.0230882 -0.00652656  0.138472 0.0326599 0.0109729 -0.0513905  -0.036613    -9.8088 
             95.9042  -0.140601 0.00656493   -167.498   0.848406    1.84913 -0.0411196 0 0 0 0 0 0   -0.289573  -0.0761313 -0.00245875  0.00492393   0.0230696 -0.00650016   0.13816 0.0324446 0.0114219 -0.0515016 -0.0368315    -9.8088 
             96.1042  -0.163755 0.00591364   -165.616   0.794616    1.84408 -0.0470313 0 0 0 0 0 0  -0.292493 -0.0740303 -0.0136942  0.00492168   0.0230748 -0.00650571  0.138632 0.0331255  0.011847 -0.0514641  -0.036292    -9.8088 
             96.5041  -0.184873 -0.0468989   -161.989   0.699624    1.81336 -0.0466101 0 0 0 0 0 0  -0.262577  -0.116877 0.00209772  0.00492323   0.0231039 -0.00646629  0.139649 0.0328024 0.0116036 -0.0508079 -0.0360881    -9.8088 
             96.6042 -0.133589 -0.210418   -154.45   0.687845    1.82221 -0.0467777 0 0 0 0 0 0   -0.222771  -0.0560442 -0.00101407  0.00492583   0.0231311 -0.00656788  0.141068 0.0335812 0.0116329 -0.0504154 -0.0350954   -9.80881 
             96.8042 -0.150495 -0.202546  -152.593   0.641669    1.80458 -0.0416699 0 0 0 0 0 0  -0.186918 -0.0444141 0.00682912   0.0049275   0.0231552 -0.00655363  0.140841 0.0335039 0.0113138 -0.0504832 -0.0352412   -9.80881 
             96.9042 -0.0884209  -0.122366   -148.872    0.62035    1.79724 -0.0460292 0 0 0 0 0 0    -0.19793   -0.100117 -0.00388122   0.004917  0.0231352 -0.0065575  0.140627 0.0336623 0.0117795 -0.0506494 -0.0352859   -9.80881 
             97.0043 -0.128269 -0.322968  -147.022   0.599242    1.78453 -0.0447407 0 0 0 0 0 0  -0.219383 -0.0978329 0.00214719  0.00492832    0.023158 -0.00655493  0.140551 0.0335053 0.0116389 -0.0505977 -0.0353883   -9.80881 
             97.2043 -0.175228 -0.228418  -145.205  0.564054   1.76207 -0.041483 0 0 0 0 0 0  -0.178668  -0.111038 0.00829799  0.00492565   0.0231751 -0.00656137  0.140754 0.0330307  0.011388 -0.0502713 -0.0354543   -9.80881 
             97.4042 -0.141249 -0.279429  -141.705   0.532244     1.7421 -0.0403165 0 0 0 0 0 0  -0.169508  -0.128946 0.00205931  0.00492614   0.0232002 -0.00659148  0.141412 0.0329821 0.0113989 -0.0500145 -0.0350984   -9.80881 
             97.7041 -0.102287 -0.328781  -138.271   0.489444    1.70656 -0.0448882 0 0 0 0 0 0  -0.189664  -0.155788 -0.0077926  0.00492498    0.023204 -0.00658419  0.142259 0.0328308 0.0116341 -0.0496584 -0.0346478   -9.80881 
             97.8041 -0.179133 -0.357911  -133.124   0.464777    1.69587 -0.0438784 0 0 0 0 0 0   -0.203448   -0.147974 -0.00706735 0.00492662  0.0232149 -0.0065658  0.142365 0.0336049 0.0115074 -0.0500873 -0.0343742   -9.80881 
             98.0041  -0.20041 -0.175227  -131.341   0.435044    1.67324 -0.0457077 0 0 0 0 0 0   -0.180151   -0.157536 -0.00428473  0.00492299   0.0231999 -0.00657022  0.143175 0.0335806  0.011572 -0.0498838 -0.0338687   -9.80881 
             98.1043  -0.27282 -0.268036  -127.793    0.41573    1.65223 -0.0435891 0 0 0 0 0 0  -0.192369   -0.18944 0.00126141 0.00491842   0.023211 -0.0065857  0.142816  0.033449 0.0113486 -0.0498687 -0.0341263   -9.80881 
             98.5043  -0.24275 -0.146495   -126.03   0.347817     1.5877 -0.0507606 0 0 0 0 0 0  -0.151584  -0.195961 -0.0189764 0.00490843  0.0232095 -0.0065841  0.143398 0.0336303 0.0116281 -0.0498875 -0.0337147   -9.80882 
             98.6043  -0.35704 -0.225984   -119.15   0.351377    1.56591 -0.0469604 0 0 0 0 0 0   -0.128332   -0.190884 -0.00520477  0.00491923   0.0232315 -0.00658935  0.143817 0.0322512 0.0112572 -0.0489477  -0.033595   -9.80882 
             99.0043 -0.333381   -0.2027   -117.39    0.30302    1.48326 -0.0463317 0 0 0 0 0 0  -0.136961    -0.1931 0.00023361   0.0049178   0.0232319 -0.00661463  0.143762 0.0323516 0.0112223 -0.0490173 -0.0336261   -9.80882 
             99.2042 -0.369514 -0.242851  -111.024  0.280621   1.44266 -0.047653 0 0 0 0 0 0  -0.120731  -0.227272 0.00157168  0.00492044   0.0232462 -0.00660474   0.14401 0.0323296 0.0113304 -0.0490014 -0.0334567   -9.80882 
             99.3042 -0.249615 -0.238532  -108.025   0.269314    1.41891 -0.0464124 0 0 0 0 0 0   -0.114185   -0.222232 0.000694815   0.0049294   0.0232607 -0.00664028  0.143931 0.0322998 0.0112331 -0.0489781 -0.0335092   -9.80882 
             99.8044 -0.196814 -0.282352  -106.844     0.2131    1.30715 -0.0491578 0 0 0 0 0 0   -0.110883   -0.215446 -0.00660447  0.00491145   0.0232645 -0.00650588  0.144535 0.0325501 0.0114443 -0.0491825 -0.0331162   -9.80882 
             100.104 -0.293793 -0.270503  -100.544   0.222969    1.24497 -0.0414405 0 0 0 0 0 0 -0.0474255  -0.238387 0.00875307  0.00495773   0.0233238 -0.00654957  0.145289 0.0311121 0.0111526 -0.048319 -0.032454  -9.80883 
             100.504 -0.163116 -0.193092  -97.0723   0.205571    1.15362 -0.0421385 0 0 0 0 0 0 -0.0415094  -0.246851 0.00838318   0.0049468   0.0233275 -0.00655961  0.145454 0.0311658 0.0113018 -0.0483824 -0.0323547   -9.80883 
             100.904 -0.103727 -0.234965  -92.7138     0.1722    1.02983 -0.0481152 0 0 0 0 0 0  -0.0600162   -0.294711 -0.00371061 0.00493632  0.0233274 -0.0066108    0.1446 0.0319043 0.0116173 -0.0486758 -0.0330623   -9.80882 
             101.204 -0.099103 -0.272941  -88.4478   0.168319   0.953307 -0.0526458 0 0 0 0 0 0 -0.0454837  -0.317925 0.00338762  0.00492978   0.0233486 -0.00667982   0.14491 0.0313689 0.0117683 -0.0484193 -0.0327346   -9.80883 
             101.804 -0.203496  -0.36378  -85.4427  0.151331  0.795057 -0.026427 0 0 0 0 0 0 -0.00231456   -0.246209   0.0284401  0.00498294   0.0233868 -0.00662385  0.145514 0.0314174 0.0108747 -0.0486129 -0.0323762   -9.80883 
             102.104 -0.313284 -0.254414    -78.99   0.202866   0.739569 -0.0516395 0 0 0 0 0 0   0.042236  -0.177815 -0.0247578  0.00495662   0.0233965 -0.00659397  0.145621 0.0298152 0.0120576 -0.0477162 -0.0318056   -9.80883 
             102.305 -0.218928 -0.123542  -74.9743   0.214563   0.685219 -0.0489605 0 0 0 0 0 0   0.0843114   -0.220167 -0.00432133  0.00498265   0.0234037 -0.00663866  0.145187 0.0299942 0.0117026 -0.0476497 -0.0321145   -9.80883 
             102.605 -0.0771954  -0.179686    -72.517   0.214212   0.622194 -0.0503732 0 0 0 0 0 0   0.0163496   -0.207988 -0.00985176  0.00496806   0.0234029 -0.00668402  0.145717 0.0308926 0.0116139 -0.0483298  -0.032178   -9.80883 
             103.004 -0.161996 -0.160401   -69.488   0.214657   0.551271 -0.0509355 0 0 0 0 0 0 0.0120871 -0.200013 0.0113398  0.00496149   0.0234167 -0.00665121  0.146359 0.0311435 0.0115562 -0.0487167  -0.031937   -9.80883 
             103.305 -0.0972726 -0.0935589   -65.5784   0.229672   0.539805 -0.0475605 0 0 0 0 0 0  -0.00194588  -0.00120334 -0.000477094  0.00495756   0.0234275 -0.00669948  0.145566 0.0301671 0.0113927 -0.0478929 -0.0319239   -9.80883 
             103.704  -0.126754 -0.0826655   -66.0721   0.229369    0.54006 -0.0430549 0 0 0 0 0 0  -0.0133895 -0.00955613  0.00795702  0.00498233   0.0234235 -0.00667261  0.145618  0.029905 0.0112469 -0.0477919 -0.0317795   -9.80883 
             104.705 -0.144702 -0.113257   -66.227   0.213333   0.548425 -0.0447423 0 0 0 0 0 0   -0.0301019  -0.00246818 -0.000820381  0.00497828   0.0234217 -0.00662436  0.145881 0.0295205 0.0114345 -0.0477301 -0.0314768   -9.80883 
             105.204 -0.151401 -0.125247  -66.2523   0.216191   0.546629 -0.0494521 0 0 0 0 0 0  -0.0248744 -0.00426334 -0.00502561  0.00497142    0.023426 -0.00661341  0.145799  0.029388 0.0115292 -0.0476319 -0.0314571   -9.80883 
             105.304 -0.208443 -0.135246  -66.2196   0.234175   0.545411 -0.0406719 0 0 0 0 0 0   0.0134131 -0.00459049   0.0116243  0.00499681   0.0234293 -0.00663009  0.145647 0.0291494 0.0110129 -0.0474581 -0.0314257   -9.80883 
             105.504 -0.189603 -0.123266  -66.2143   0.237144   0.540266 -0.0417738 0 0 0 0 0 0  0.0110363  -0.013698 0.00459098 0.00498538  0.0234233 -0.0066336  0.145463 0.0292208 0.0112422 -0.0474123 -0.0315436   -9.80883 
             105.705 -0.170411 -0.117583  -66.1876   0.233872   0.545791 -0.0464347 0 0 0 0 0 0 -0.00506585  0.00341367 -0.00755016  0.00497262   0.0234164 -0.00664966  0.146064 0.0292018 0.0115963 -0.0476614 -0.0312522   -9.80883 
             105.905 -0.170763 -0.123887  -66.1961   0.231662   0.552296 -0.0460614 0 0 0 0 0 0  -0.0102153   0.0148157 -0.00340321  0.00497188   0.0234179 -0.00664344  0.146471 0.0290305 0.0114662 -0.0477568 -0.0309861   -9.80883 
             106.105 -0.169563 -0.123928  -66.2143   0.229539   0.553333 -0.0472941 0 0 0 0 0 0  -0.0149397   0.0107839 -0.00427626  0.00496906   0.0234191 -0.00663291   0.14632  0.029078 0.0115037 -0.0477144 -0.0310774   -9.80883 
             106.205   -0.1733 -0.110152  -66.2652    0.23216   0.550273 -0.0462782 0 0 0 0 0 0   -0.0068163  0.000462964 -0.000801581  0.00496861   0.0234136 -0.00660457  0.145748 0.0289263 0.0113926 -0.0474026 -0.0312794   -9.80884 
             106.305 -0.185638  -0.14802  -66.2512   0.229747   0.552424 -0.0442029 0 0 0 0 0 0 -0.0135812 0.00623644  0.0064054  0.00497389   0.0234346 -0.00661205  0.146043 0.0289663 0.0111952 -0.0475451 -0.0311592   -9.80884 
             106.705 -0.169363 -0.145977  -66.2725   0.219861   0.549492 -0.0425964 0 0 0 0 0 0  -0.0283632 -0.00260745  0.00508097  0.00496453   0.0234336 -0.00660106  0.145822 0.0292618  0.011251 -0.0475862 -0.0313881   -9.80883 
             106.905  -0.18906 -0.163177  -66.2431   0.226296   0.547263 -0.0444466 0 0 0 0 0 0  -0.0106992 -0.00565588 0.000542052  0.00496951   0.0234405 -0.00661763  0.145361 0.0286938 0.0114084 -0.0471369   -0.03136   -9.80884 
             107.005 -0.189468 -0.161876  -66.2055    0.22542    0.53745 -0.0460862 0 0 0 0 0 0  -0.0124686  -0.0283995 -0.00425225  0.00496911   0.0234429 -0.00663923  0.144845  0.028986 0.0115545 -0.0470541 -0.0317208   -9.80884 
             107.205 -0.180458 -0.163873  -66.2093   0.223564   0.530125 -0.0465394 0 0 0 0 0 0  -0.0144113  -0.0313927 -0.00382055  0.00496298   0.0234441 -0.00663687  0.144724 0.0289907 0.0115358 -0.0470063 -0.0317781   -9.80884 
             107.305 -0.213718 -0.154541  -66.2518   0.229083   0.540838 -0.0428549 0 0 0 0 0 0  0.0028129 0.00463535 0.00661324  0.00498002   0.0234365 -0.00661379    0.1455 0.0277742  0.011172 -0.0467825 -0.0309135   -9.80884 
             107.405 -0.197631 -0.152297  -66.2267  0.233904  0.539559 -0.043028 0 0 0 0 0 0    0.0129188 -0.000142023   0.00434256   0.0049704   0.0234347 -0.00663045  0.145115 0.0274557 0.0112598 -0.0464822 -0.0309561   -9.80884 
             107.605  -0.19112 -0.163631  -66.2862   0.235268   0.545595 -0.0424005 0 0 0 0 0 0 0.00799227  0.0134536 0.00350933  0.00496628   0.0234403 -0.00659658  0.145616 0.0272321 0.0112649 -0.0465887  -0.030634   -9.80884 
             107.905 -0.184457 -0.166771  -66.2479   0.235394   0.555902 -0.0449532 0 0 0 0 0 0 0.000111039   0.0241144 -0.00194954  0.00495946   0.0234414 -0.00661918  0.146057 0.0270696 0.0114573 -0.0466973 -0.0303658   -9.80884 
             108.305 -0.141479 -0.137791  -66.2972   0.222497   0.545429 -0.0522969 0 0 0 0 0 0  -0.0248054 -0.00443775  -0.0117651  0.00493006   0.0234213 -0.00659346   0.14552 0.0280018 0.0117401 -0.0468916 -0.0309954   -9.80884 
             108.905 -0.179287 -0.128619  -66.2159   0.220125   0.506258 -0.0402512 0 0 0 0 0 0 -0.0178898  -0.044378 0.00659159  0.00494701   0.0234095 -0.00663765  0.144559 0.0281566 0.0111728 -0.0465711 -0.0314919   -9.80884 
             109.305 -0.187254 -0.130374  -66.2995   0.236122   0.550764 -0.0418408 0 0 0 0 0 0 0.00569074  0.0292628 0.00175808  0.00492523   0.0233875 -0.00659691  0.145266 0.0272495 0.0112979 -0.0464581  -0.030809   -9.80884 
             109.505 -0.152497 -0.141952  -66.3354   0.229712   0.554658 -0.0477829 0 0 0 0 0 0 -0.00997031   0.0248664 -0.00877631  0.00490726   0.0233915 -0.00658166  0.145309 0.0274199 0.0116274 -0.0465489  -0.030858   -9.80884 
             109.605 -0.171089 -0.140986  -66.2729   0.228652   0.550471 -0.0466977 0 0 0 0 0 0  -0.0108471  0.00852132 -0.00368907   0.0049173   0.0233938 -0.00661846  0.144996 0.0276315 0.0114806 -0.0465174 -0.0310794   -9.80884 
             109.805 -0.189957 -0.138793  -66.2229   0.228534    0.54554 -0.0450601 0 0 0 0 0 0 -0.00825468   -0.005191  0.00098461  0.00492859   0.0233928 -0.00664761  0.144596 0.0277307 0.0113189 -0.0464038 -0.0312943   -9.80884 
             110.105 -0.187847 -0.136633  -66.2807   0.235137   0.538281 -0.0450188 0 0 0 0 0 0   0.0036423  -0.0150697 -0.00102584  0.00492481    0.023391 -0.00661706  0.144008 0.0273686 0.0113279 -0.0460205 -0.0314084   -9.80884 
             110.505 -0.175968 -0.129312  -66.2109   0.232436   0.527308 -0.0459626 0 0 0 0 0 0 -0.00692649  -0.0239065 -0.00163547  0.00491603   0.0233874 -0.00665704  0.143905 0.0275808 0.0113649 -0.0460712 -0.0315366   -9.80884 
             110.905 -0.175605 -0.151477  -66.2807   0.224842    0.55076 -0.0475473 0 0 0 0 0 0  -0.0178996   0.0183855 -0.00282578  0.00491526   0.0234031 -0.00662189  0.144863 0.0271379 0.0113858 -0.0462514 -0.0309501   -9.80884 
             111.305 -0.188973 -0.156483  -66.2602   0.227139   0.548675 -0.0432927 0 0 0 0 0 0 -0.0102211 0.00595254 0.00373738  0.00492086   0.0234072 -0.00663628  0.144515 0.0270244 0.0111735 -0.0460718 -0.0310551   -9.80884 
             111.705 -0.187422 -0.168789   -66.152   0.231688   0.527333 -0.0478751 0 0 0 0 0 0 -0.00428299  -0.0253644  -0.0042884 0.00491925  0.0234353  -0.006696  0.143875 0.0271072 0.0114015  -0.045866 -0.0313594   -9.80884 
             112.005 -0.191598 -0.141067  -66.2275   0.234037   0.544343 -0.0439867 0 0 0 0 0 0 -0.0024405   0.011953 0.00386902 0.00490881  0.0234028 -0.0066549   0.14445  0.026622 0.0111628 -0.0458799 -0.0309327   -9.80884 
             112.105 -0.159253 -0.132523  -66.2529   0.229446   0.547031 -0.0460467 0 0 0 0 0 0  -0.0149519   0.0140653 -0.00160615  0.00488996   0.0233984 -0.00664331  0.144621 0.0267631 0.0113333 -0.0460012 -0.0309141   -9.80884 
             112.605 -0.177371 -0.150929  -66.2282   0.217531   0.553114 -0.0452997 0 0 0 0 0 0   -0.0251413    0.0126273 -0.000399887   0.0048992   0.0234084 -0.00665742  0.144637 0.0268546 0.0112742 -0.0460443 -0.0309417   -9.80884 
             112.805 -0.190388 -0.160041  -66.2302   0.229884   0.542386 -0.0448825 0 0 0 0 0 0   0.00231119  -0.00866315 -0.000508587  0.00490536   0.0234053 -0.00665638  0.143912 0.0265501 0.0112534 -0.0456556 -0.0311299   -9.80884 
             112.905 -0.232103 -0.148543  -66.2358  0.234755  0.539459 -0.040537 0 0 0 0 0 0  0.0140977 -0.0130493  0.0100904  0.00492828    0.023397 -0.00665321  0.143739 0.0264279 0.0109101 -0.0455438  -0.031156   -9.80884 
             113.005 -0.204827 -0.148649  -66.2125   0.233682   0.541812 -0.0429241 0 0 0 0 0 0  0.00616773 -0.00325335 0.000508964  0.00491073   0.0233962 -0.00666821  0.143984  0.026439 0.0112086 -0.0456366 -0.0310598   -9.80884 
             113.605 -0.18057 -0.15044 -66.2465    0.22731   0.548844 -0.0483933 0 0 0 0 0 0  -0.0124641  0.00853964 -0.00661208  0.00489726   0.0233983 -0.00664828  0.144323 0.0264992 0.0114133 -0.0457828 -0.0309429   -9.80884 
             113.705 -0.204903 -0.139382  -66.2343    0.23436   0.541392 -0.0438264 0 0 0 0 0 0  0.00277413 -0.00726174  0.00182387  0.00491034   0.0233909 -0.00665589  0.143953 0.0264077 0.0111516 -0.0456139 -0.0310604   -9.80884 
             113.805 -0.192548 -0.138834  -66.2318   0.232631   0.540344 -0.0438172 0 0 0 0 0 0 -0.00498217 -0.00864017  0.00119728  0.00490295   0.0233918 -0.00665702  0.143975 0.0264637 0.0111638 -0.0456436 -0.0310717   -9.80884 
             114.005 -0.170545 -0.133335  -66.2718   0.228966   0.540571 -0.0455982 0 0 0 0 0 0  -0.0141381 -0.00531344 -0.00328015 0.0048909 0.0233873 -0.006634  0.144066 0.0264911  0.011314 -0.0456863 -0.0310449   -9.80884 
             114.405 -0.190601 -0.142005  -66.2285   0.229599   0.546549 -0.0443144 0 0 0 0 0 0  -0.0093866  0.00724633 0.000278397  0.00489918   0.0233893 -0.00665901   0.14417 0.0261496 0.0111739 -0.0455886 -0.0308817   -9.80885 
             115.405 -0.168988 -0.148353  -66.2256   0.201906   0.554471 -0.0489879 0 0 0 0 0 0  -0.0337757  0.00816871 -0.00403947  0.00488431   0.0233943 -0.00666294  0.144255 0.0262691 0.0112498 -0.0456653 -0.0308899   -9.80885 
             115.505 -0.208093 -0.145072  -66.2559   0.229465   0.549274 -0.0437343 0 0 0 0 0 0    0.0103616 -0.000369171   0.00245506  0.00489748   0.0233867 -0.00664665  0.144065  0.026054 0.0110514 -0.0455161   -0.03089   -9.80885 
             115.605 -0.197306 -0.156021  -66.2779   0.229821    0.54762 -0.0431556 0 0 0 0 0 0  0.00597454 -0.00579648  0.00268043  0.00489118   0.0233924 -0.00663381  0.144054  0.026068 0.0110201 -0.0455178 -0.0308984   -9.80885 
             116.005 -0.199216 -0.156122  -66.2096   0.232634   0.539544 -0.0443902 0 0 0 0 0 0  0.00180979  -0.0156943 -0.00133168  0.00489271   0.0233924 -0.00667418  0.143995 0.0260813 0.0111546 -0.0455037 -0.0309252   -9.80885 
             116.605 -0.203562 -0.159752  -66.2375   0.215632   0.537944 -0.0441974 0 0 0 0 0 0 -0.0237766 -0.0069398 0.00109058  0.00489488   0.0233935 -0.00665816  0.144219 0.0262339 0.0111468  -0.045636 -0.0308907   -9.80885 
             116.705 -0.181238 -0.144128  -66.2447   0.228555   0.545601 -0.0468023 0 0 0 0 0 0  0.00239692  0.00840902 -0.00342196  0.00488209   0.0233849 -0.00665355  0.144214 0.0257262 0.0112818 -0.045443 -0.030721  -9.80885 
             116.805 -0.186637 -0.150363  -66.2442   0.229946   0.546669 -0.0446307 0 0 0 0 0 0 0.00350132 0.00984889 0.00362715  0.00488536   0.0233888 -0.00665463    0.1442 0.0256868  0.011075 -0.0454235  -0.030713   -9.80885 
             117.005 -0.187895 -0.147029  -66.3082   0.227677   0.550566 -0.0426444 0 0 0 0 0 0 -0.00588175   0.0146793  0.00736098  0.00488613   0.0233841 -0.00661814   0.14431 0.0257396 0.0109829 -0.0454789 -0.0306888   -9.80885 
             117.205 -0.198498 -0.145628  -66.2697   0.229214   0.551761 -0.0431899 0 0 0 0 0 0 -0.00164545    0.011808  0.00357241  0.00489175   0.0233838 -0.00664075  0.144161 0.0256635 0.0111247 -0.0454024 -0.0307199   -9.80885 
             117.405  -0.19905 -0.137973  -66.2616   0.226454   0.551873 -0.0443991 0 0 0 0 0 0  -0.00919959   0.00642839 -0.000638867    0.004892   0.0233781 -0.00664452  0.144108 0.0258426 0.0112511 -0.0454518 -0.0307993   -9.80885 
             117.505 -0.171239 -0.148963  -66.2232  0.228255  0.548446 -0.046385 0 0 0 0 0 0 -0.00477297 -0.00393915 -0.00584522  0.00487665    0.023382 -0.00666434   0.14368 0.0257923 0.0114171 -0.0452946 -0.0309445   -9.80885 
             117.605 -0.167056 -0.152764  -66.2362   0.227151   0.548652 -0.0469151 0 0 0 0 0 0 -0.00870046 -0.00165211 -0.00592518 0.00487332  0.0233838 -0.0066566  0.143754 0.0258097 0.0114081 -0.0453247 -0.0309225   -9.80885 
             117.705 -0.168363 -0.146412  -66.2474   0.225651   0.545858 -0.0468971 0 0 0 0 0 0  -0.0123728 -0.00940751 -0.00389881  0.00487353   0.0233789 -0.00665039  0.143539  0.026001 0.0113568 -0.0453258  -0.031066   -9.80885 
             118.005  -0.17623 -0.150411  -66.2688   0.220555   0.545913 -0.0476047 0 0 0 0 0 0  -0.0184335 -0.00481365 -0.00198492  0.00487916   0.0233813 -0.00663907  0.143758 0.0259371 0.0113417 -0.0453728 -0.0309629   -9.80885 
             118.105 -0.193701 -0.142478   -66.248   0.224153   0.549218 -0.0445529 0 0 0 0 0 0 -0.00612995  0.00402699  0.00517558 0.00488927  0.0233775 -0.0066493  0.143816 0.0253869 0.0110974 -0.0451902 -0.0307618   -9.80885 
             118.405 -0.176735 -0.129085  -66.2449   0.224513   0.554411 -0.0444377 0 0 0 0 0 0 -0.00680481   0.0104423  0.00416067  0.00488106    0.023369 -0.00665047  0.143925 0.0251301 0.0111905 -0.0451314 -0.0306379   -9.80885 
             118.505 -0.188744 -0.136235  -66.2715   0.228745   0.545912 -0.0453327 0 0 0 0 0 0 0.00417469 -0.0116379 0.00076688  0.00488717   0.0233734 -0.00663671   0.14321 0.0251588 0.0112981 -0.0449153 -0.0309122   -9.80885 
             118.605 -0.150619 -0.145245   -66.249   0.229657   0.543699 -0.0472524 0 0 0 0 0 0 0.00371097 -0.0154144 -0.0044865  0.00486573   0.0233779 -0.00664973  0.143122 0.0251487 0.0114719 -0.0448843 -0.0309412   -9.80885 
             118.705 -0.171779 -0.141411  -66.2364   0.229973   0.543185 -0.0469478 0 0 0 0 0 0 0.00201292 -0.0123863  -0.002654  0.00487842   0.0233763 -0.00665648  0.143198 0.0251058 0.0113979 -0.0448926 -0.0308996   -9.80885 
             118.805 -0.182392 -0.138633  -66.2508   0.229397   0.543977 -0.0463632 0 0 0 0 0 0  -0.00066527  -0.00667126 -1.78173e-05  0.00488401   0.0233757 -0.00664825  0.143401 0.0250764 0.0113064 -0.0449454 -0.0308159   -9.80885 
             118.905 -0.191892 -0.137716  -66.2592   0.229688   0.544876 -0.0447371 0 0 0 0 0 0 -0.000843042  -0.00179597    0.0047285  0.00488927   0.0233737 -0.00664369  0.143519 0.0249606 0.0111441 -0.0449409 -0.0307354   -9.80885 
             119.005 -0.176519 -0.141182  -66.2418   0.228363    0.54732 -0.0448674 0 0 0 0 0 0 -0.00514659  0.00557496  0.00278417  0.00488083   0.0233749 -0.00665438  0.143821 0.0249315 0.0111965 -0.0450249 -0.0306156   -9.80885 
             119.105 -0.198152  -0.14496  -66.2596   0.227382   0.550141 -0.0431303 0 0 0 0 0 0 -0.00746011   0.0121169  0.00735139  0.00489324   0.0233777 -0.00664549  0.144066 0.0248514  0.011054 -0.0450722 -0.0305009   -9.80885 
             119.205 -0.194864 -0.134527   -66.262   0.228865   0.549421 -0.0430896 0 0 0 0 0 0 -0.00304136  0.00672736  0.00536412  0.00489135   0.0233693 -0.00664384  0.143746 0.0247223 0.0111315 -0.0449269 -0.0305766   -9.80885 
             119.405 -0.187217 -0.143417  -66.2657   0.228978   0.547468 -0.0431047 0 0 0 0 0 0  -0.00310041 -0.000614466   0.00403472 0.00488667  0.0233745 -0.0066418  0.143443 0.0247978 0.0112298 -0.0448598 -0.0307109   -9.80885 
             119.505 -0.183186 -0.142887  -66.2435   0.228476   0.545466 -0.0443083 0 0 0 0 0 0  -0.00493011  -0.00503529 -0.000357878 0.00488289  0.0233716 -0.0066548   0.14328 0.0249029 0.0113712 -0.0448469 -0.0308031   -9.80885 
             119.605 -0.223829 -0.159279  -66.2732   0.22758  0.544664 -0.042061 0 0 0 0 0 0 -0.00668786 -0.00547878  0.00562997  0.00490548   0.0233822 -0.00663769   0.14327 0.0249557 0.0111627 -0.0448623 -0.0308233   -9.80885 
             120.005 -0.188772 -0.142454  -66.2799   0.225047   0.541535 -0.0459873 0 0 0 0 0 0  -0.0107392 -0.00746265 -0.00417391  0.00488553   0.0233731 -0.00663463  0.143193  0.024899 0.0114739 -0.0448189 -0.0308335   -9.80885 
             120.105 -0.167268 -0.139978  -66.2444   0.227916    0.54609 -0.0479603 0 0 0 0 0 0 -0.00364847  0.00469207  -0.0071667  0.00487073   0.0233721 -0.00665816  0.143345 0.0245298 0.0115718 -0.0447356 -0.0306644   -9.80885 
             120.805 -0.171872 -0.139702  -66.2529  0.226527  0.551137 -0.049888 0 0 0 0 0 0 -0.00867408  0.00599639  -0.0040031  0.00487175   0.0233724 -0.00665449   0.14333 0.0244177 0.0114617 -0.0446917 -0.0306353   -9.80885 
             120.905 -0.178573 -0.133859  -66.2451   0.221392   0.546572 -0.0470918 0 0 0 0 0 0  -0.0173615 -0.00286739 1.81183e-05   0.0048729     0.02337 -0.00666364  0.143286 0.0245336 0.0113223 -0.0447185 -0.0306861   -9.80885 
             121.905 -0.168938 -0.143548  -66.2553   0.223757    0.53404 -0.0445821 0 0 0 0 0 0 -0.00883314  -0.0108604  0.00277199  0.00486134   0.0233813 -0.00665692  0.143161 0.0244236 0.0112896 -0.0446446 -0.0306966   -9.80885 
             122.312 -0.194979 -0.150385  -66.2182 0.222758 0.548961 -0.04288 0 0 0 0 0 0 -0.0088036  0.0089617 0.00383989   0.0048719    0.023384 -0.00668093   0.14324 0.0243659 0.0112753 -0.0446482 -0.0306521   -9.80885 
             122.405 -0.175592 -0.142441  -66.2683   0.227819   0.546572 -0.0467574 0 0 0 0 0 0  0.00249891  0.00200533 -0.00463439  0.00486226   0.0233757 -0.00665617  0.143156 0.0243073 0.0115476 -0.0446051 -0.0306636   -9.80885 
             122.505 -0.189979  -0.14187  -66.2851   0.228039    0.54774 -0.0459331 0 0 0 0 0 0  0.00112729  0.00416959 -0.00162399  0.00487083   0.0233766 -0.00664777  0.143196 0.0242858 0.0114395 -0.0446093 -0.0306438   -9.80885 
             122.705 -0.170415 -0.137829  -66.2486   0.227808   0.550371 -0.0475786 0 0 0 0 0 0  -0.0011841  0.00735906 -0.00438878  0.00485866   0.0233764 -0.00666881  0.143287 0.0242404 0.0115348 -0.0446201 -0.0306001   -9.80885 
